5.954861111111111
5.197638888888889
4.715972222222222
4.58625
5.058194444444444
5.074166666666667
4.806805555555556
3.8970833333333332
4.446111111111111
3.966388888888889
4.3654166666666665
3.9268055555555557
4.241666666666666
3.648888888888889
4.042083333333333
3.2368055555555557
4.430138888888889
3.9565277777777776
3.4345833333333333
3.72875
4.014027777777778
3.4116666666666666
3.4291666666666667
3.3870833333333334
3.3094444444444444
3.5229166666666667
3.789861111111111
3.359027777777778
3.06
3.95125
3.401111111111111
3.5304166666666665
2.8606944444444444
3.2480555555555557
2.8775
2.730138888888889
2.953888888888889
2.6958333333333333
2.8827777777777777
2.9154166666666668
2.7619444444444445
2.681388888888889
2.9090277777777778
2.535
2.709722222222222
2.63375
2.8356944444444445
2.292222222222222
2.7255555555555557
2.6993055555555556
2.390972222222222
2.549027777777778
2.602361111111111
2.50625
2.5415277777777776
2.3493055555555555
2.3802777777777777
2.3843055555555557
2.2555555555555555
2.279861111111111
2.405
2.38625
2.1977777777777776
2.3619444444444446
2.0893055555555557
2.3341666666666665
2.26875
1.903888888888889
1.9565277777777779
2.1152777777777776
2.102361111111111
1.771111111111111
2.1506944444444445
1.9665277777777779
2.0381944444444446
1.8979166666666667
1.7959722222222223
1.8309722222222222
1.8913888888888888
1.8808333333333334
1.8765277777777778
1.836111111111111
1.5976388888888888
1.8945833333333333
2.022777777777778
1.9533333333333334
1.7645833333333334
1.822638888888889
1.8697222222222223
1.74375
1.8059722222222223
1.7583333333333333
1.7179166666666668
1.56875
1.7008333333333334
1.555
1.8108333333333333
1.7802777777777778
1.7452777777777777
1.772361111111111
