-38914.33333333335
-33260.66666666666
-28923.666666666668
-27972.00000000001
-31861.000000000004
-32767.666666666668
-28886.333333333336
-21484.666666666668
-26654.66666666666
-22943.33333333332
-26276.666666666668
-23484.333333333332
-25895.333333333336
-20242.666666666664
-23158.66666666667
-17039.333333333336
-27432.00000000002
-22450.66666666667
-19090.66666666668
-21137.66666666667
-24053.666666666664
-19139.333333333332
-17574.333333333332
-18534.666666666657
-17903.999999999993
-20153.000000000004
-22860.00000000001
-17858.666666666664
-15741.0
-23485.999999999985
-18639.333333333343
-19742.666666666664
-13924.0
-18415.333333333325
-13783.333333333336
-13045.666666666668
-14110.666666666666
-12923.333333333334
-13578.333333333332
-13506.666666666666
-14429.666666666662
-12547.999999999998
-13793.666666666672
-11941.000000000002
-12986.0
-11958.666666666664
-13211.333333333332
-9932.333333333332
-12362.333333333336
-12486.000000000004
-10811.666666666668
-11372.333333333332
-12240.666666666673
-10511.333333333336
-10253.0
-10608.666666666668
-9977.0
-10180.666666666668
-8954.666666666668
-9518.333333333334
-9360.000000000004
-11010.666666666668
-8871.0
-10421.999999999998
-8289.333333333332
-9997.333333333332
-9326.333333333334
-7206.333333333335
-6706.666666666666
-8020.333333333332
-8263.333333333334
-6583.333333333334
-8133.333333333334
-7298.666666666667
-8022.333333333333
-7153.0
-6310.000000000001
-6443.999999999999
-6574.333333333333
-6158.0
-5777.666666666668
-6793.000000000001
-5128.000000000001
-6672.666666666666
-7427.0
-6119.0
-5540.999999999999
-5395.0
-6035.999999999999
-6149.666666666669
-6308.666666666666
-5421.666666666667
-5769.0
-4092.0
-5545.333333333333
-4511.0
-5889.333333333332
-5191.666666666667
-4631.0
-6244.0
