42875
37423
33955
33021
36419
36534
34609
28059
32012
28558
31431
28273
30540
26272
29103
23305
31897
28487
24729
26847
28901
24564
24690
24387
23828
25365
27287
24185
22032
28449
24488
25419
20597
23386
20718
19657
21268
19410
20756
20991
19886
19306
20945
18252
19510
18963
20417
16504
19624
19435
17215
18353
18737
18045
18299
16915
17138
17167
16240
16415
17316
17181
15824
17006
15043
16806
16335
13708
14087
15230
15137
12752
15485
14159
14675
13665
12931
13183
13618
13542
13511
13220
11503
13641
14564
14064
12705
13123
13462
12555
13003
12660
12369
11295
12246
11196
13038
12818
12566
12761
