39492
42226
42109
33993
36474
30253
33541
29334
28877
26873
32572
25837
28869
29478
30136
34305
24008
28934
24245
27569
23885
24567
25876
23806
23648
25797
23137
22993
21631
21182
22598
19155
22525
22525
21073
19996
20186
19010
20369
26165
18253
20710
18951
19314
16536
18025
20349
19034
15762
16392
17659
17782
16924
17452
17176
17206
15605
16365
16668
14821
17895
15253
15041
15870
16214
16221
13672
14546
14049
14223
14519
14354
14644
13000
13158
14330
12889
12123
13554
11490
14194
11945
12481
12974
12929
13431
12364
13891
12847
11467
12151
11805
10973
12577
12272
11219
12076
11202
12179
11076
