-91920.0
-105687.0
-105003.0
-78094.0
-84640.0
-61439.0
-76821.0
-62377.0
-63885.0
-55198.0
-77651.0
-50566.0
-63614.0
-64050.0
-57418.0
-82824.0
-44511.0
-61430.0
-45494.0
-55685.0
-43152.0
-47934.0
-45650.0
-42549.0
-44389.0
-49140.0
-43621.0
-37355.0
-35314.0
-33818.0
-39157.0
-26974.0
-37904.0
-37207.0
-34159.0
-30827.0
-28310.0
-29982.0
-32317.0
-48815.0
-29438.0
-34848.0
-27855.0
-28120.0
-20916.0
-26866.0
-32365.0
-27774.0
-18811.0
-22824.0
-23963.0
-22808.0
-22547.0
-21662.0
-21548.0
-20950.0
-16254.0
-19654.0
-18050.0
-13468.0
-19144.0
-15130.0
-16533.0
-18599.0
-18334.0
-18296.0
-12465.0
-14204.0
-12210.0
-12509.0
-12213.0
-14617.0
-12689.0
-11259.0
-10366.0
-15386.0
-10128.0
-9625.0
-10499.0
-6562.0
-10906.0
-7658.0
-9281.0
-8364.0
-8533.0
-10966.0
-7961.0
-10732.0
-6329.0
-6086.0
-7517.0
-6453.0
-4779.0
-7867.0
-7190.0
-5789.0
-5503.0
-4897.0
-5534.0
-4902.0
