5.485
5.864722222222222
5.848472222222222
4.72125
5.065833333333333
4.201805555555556
4.658472222222223
4.074166666666667
4.010694444444445
3.732361111111111
4.523888888888889
3.5884722222222223
4.0095833333333335
4.094166666666666
4.185555555555555
4.764583333333333
3.3344444444444443
4.018611111111111
3.3673611111111112
3.8290277777777777
3.317361111111111
3.4120833333333334
3.593888888888889
3.306388888888889
3.2844444444444445
3.5829166666666667
3.2134722222222223
3.1934722222222223
3.0043055555555553
2.9419444444444443
3.138611111111111
2.660416666666667
3.1284722222222223
3.1284722222222223
2.9268055555555557
2.777222222222222
2.803611111111111
2.640277777777778
2.8290277777777777
3.634027777777778
2.535138888888889
2.876388888888889
2.6320833333333336
2.6825
2.296666666666667
2.5034722222222223
2.82625
2.643611111111111
2.1891666666666665
2.276666666666667
2.452638888888889
2.4697222222222224
2.3505555555555557
2.423888888888889
2.3855555555555554
2.3897222222222223
2.167361111111111
2.2729166666666667
2.315
2.058472222222222
2.4854166666666666
2.118472222222222
2.089027777777778
2.2041666666666666
2.2519444444444443
2.2529166666666667
1.8988888888888888
2.020277777777778
1.95125
1.9754166666666666
2.0165277777777777
1.993611111111111
2.033888888888889
1.8055555555555556
1.8275
1.9902777777777778
1.790138888888889
1.68375
1.8825
1.5958333333333334
1.9713888888888889
1.6590277777777778
1.7334722222222223
1.8019444444444443
1.7956944444444445
1.8654166666666667
1.7172222222222222
1.9293055555555556
1.7843055555555556
1.592638888888889
1.687638888888889
1.6395833333333334
1.5240277777777778
1.7468055555555555
1.7044444444444444
1.5581944444444444
1.6772222222222222
1.5558333333333334
1.6915277777777777
1.5383333333333333
