-223775.0
-248069.0
-246328.0
-214448.0
-238436.0
-183217.0
-191046.0
-151814.0
-204444.0
-150612.0
-172336.0
-151358.0
-102461.0
-157295.0
-106527.0
-134093.0
-151173.0
-129519.0
-140879.0
-108852.0
-76316.0
-119879.0
-135971.0
-113660.0
-99285.0
-106689.0
-105786.0
-84481.0
-78238.0
-77275.0
-101520.0
-109781.0
-67372.0
-74084.0
-64467.0
-99083.0
-59445.0
-64598.0
-70690.0
-66765.0
-64709.0
-45952.0
-71037.0
-52176.0
-68443.0
-50400.0
-58617.0
-64397.0
-51126.0
-51693.0
-42526.0
-48802.0
-40149.0
-59210.0
-53911.0
-46126.0
-46457.0
-36492.0
-40795.0
-42671.0
-49850.0
-44640.0
-28466.0
-29387.0
-28315.0
-37474.0
-28475.0
-25595.0
-22400.0
-30589.0
-32677.0
-23207.0
-26015.0
-27308.0
-22523.0
-24219.0
-24683.0
-13733.0
-21555.0
-13674.0
-29034.0
-18012.0
-11448.0
-11731.0
-14258.0
-10702.0
-9332.0
-11397.0
-9906.0
-15178.0
-12317.0
-10827.0
-7122.0
-14710.0
-9375.0
-7398.0
-4504.0
-6729.0
-7981.0
-6145.0
