39410
39810
39964
37987
41218
33584
34554
29567
36895
30452
31390
30653
23986
29682
26034
27013
28770
26731
28593
25553
22211
26438
28629
24453
24676
25510
24521
22208
21187
20290
23583
25308
20170
19839
20028
23759
18913
18428
20428
20716
18938
17365
19909
18506
19198
18178
19368
18892
18113
17547
17288
16821
16448
19175
19448
16367
16607
15198
17280
16507
17506
16669
14570
15167
14669
16088
14405
13641
13272
14785
15642
13004
13141
14452
13263
14180
14033
11438
12899
12351
15602
12228
11361
11939
11962
11450
12391
13549
12454
12421
12149
10640
10400
13023
10616
11292
11161
11607
12380
10318
