5.473611111111111
5.529166666666667
5.5505555555555555
5.275972222222222
5.724722222222222
4.664444444444444
4.799166666666666
4.106527777777778
5.124305555555556
4.229444444444445
4.3597222222222225
4.257361111111111
3.3313888888888887
4.1225
3.6158333333333332
3.7518055555555554
3.995833333333333
3.712638888888889
3.97125
3.549027777777778
3.084861111111111
3.6719444444444442
3.97625
3.39625
3.4272222222222224
3.5430555555555556
3.4056944444444444
3.0844444444444443
2.942638888888889
2.8180555555555555
3.2754166666666666
3.515
2.801388888888889
2.7554166666666666
2.7816666666666667
3.299861111111111
2.6268055555555554
2.5594444444444444
2.837222222222222
2.877222222222222
2.6302777777777777
2.4118055555555555
2.765138888888889
2.5702777777777777
2.6663888888888887
2.524722222222222
2.69
2.6238888888888887
2.5156944444444442
2.4370833333333333
2.401111111111111
2.33625
2.2844444444444445
2.6631944444444446
2.701111111111111
2.2731944444444445
2.3065277777777777
2.1108333333333333
2.4
2.292638888888889
2.431388888888889
2.315138888888889
2.0236111111111112
2.106527777777778
2.037361111111111
2.2344444444444442
2.0006944444444446
1.8945833333333333
1.8433333333333333
2.053472222222222
2.1725
1.806111111111111
1.8251388888888889
2.007222222222222
1.8420833333333333
1.9694444444444446
1.9490277777777778
1.5886111111111112
1.7915277777777778
1.7154166666666666
2.1669444444444443
1.6983333333333333
1.5779166666666666
1.6581944444444445
1.6613888888888888
1.5902777777777777
1.7209722222222221
1.8818055555555555
1.7297222222222222
1.725138888888889
1.687361111111111
1.4777777777777779
1.4444444444444444
1.80875
1.4744444444444444
1.5683333333333334
1.550138888888889
1.6120833333333333
1.7194444444444446
1.4330555555555555
