41475
36023
34058
43469
34895
31535
30249
28885
37205
29088
25441
35234
28733
30787
30010
25319
24154
25521
23941
27847
29463
25426
27586
25051
23178
23138
24964
21151
25587
24619
23517
22254
21458
21472
19170
22494
20830
20589
18124
21661
19486
17995
19641
19292
19548
18061
19481
18668
18168
17270
17996
16178
15311
18089
16712
17634
17250
17363
16881
17399
18647
15174
14498
14744
15431
16156
14134
14301
16309
12727
15090
14483
13778
13573
13660
13359
13464
13477
12413
12714
13333
11635
12160
13854
13025
13680
12762
13020
13452
12116
12355
12335
11204
11321
11080
12145
10861
11581
12571
11272
