-253069.0
-209254.0
-178529.0
-266460.0
-197712.0
-169547.0
-143792.0
-137938.0
-220752.0
-146150.0
-116787.0
-200248.0
-146474.0
-164194.0
-132157.0
-113487.0
-112014.0
-104216.0
-99695.0
-129958.0
-152129.0
-106888.0
-119960.0
-102027.0
-99775.0
-93222.0
-119840.0
-75360.0
-121333.0
-118261.0
-99731.0
-94806.0
-85738.0
-83729.0
-59636.0
-90266.0
-78584.0
-78974.0
-64042.0
-82373.0
-58147.0
-59645.0
-61776.0
-66581.0
-78175.0
-45614.0
-64200.0
-52978.0
-52440.0
-49088.0
-52044.0
-34919.0
-40031.0
-51767.0
-43071.0
-47898.0
-52789.0
-48838.0
-33795.0
-45566.0
-48680.0
-28037.0
-29956.0
-32541.0
-37832.0
-45103.0
-27685.0
-30645.0
-44034.0
-15937.0
-32915.0
-26972.0
-19974.0
-24482.0
-24441.0
-20336.0
-22172.0
-26327.0
-16970.0
-19055.0
-14719.0
-11448.0
-15133.0
-17883.0
-16891.0
-18972.0
-15839.0
-15857.0
-11891.0
-10768.0
-11118.0
-7492.0
-9965.0
-9437.0
-6857.0
-8155.0
-7030.0
-6971.0
-6858.0
-5368.0
