5.760416666666667
5.0031944444444445
4.730277777777777
6.037361111111111
4.846527777777778
4.379861111111111
4.20125
4.011805555555555
5.167361111111111
4.04
3.533472222222222
4.893611111111111
3.9906944444444443
4.275972222222222
4.168055555555555
3.5165277777777777
3.354722222222222
3.544583333333333
3.325138888888889
3.867638888888889
4.092083333333333
3.531388888888889
3.8313888888888887
3.4793055555555554
3.2191666666666667
3.213611111111111
3.4672222222222224
2.937638888888889
3.55375
3.4193055555555554
3.26625
3.0908333333333333
2.980277777777778
2.982222222222222
2.6625
3.1241666666666665
2.8930555555555557
2.859583333333333
2.5172222222222222
3.008472222222222
2.7063888888888887
2.4993055555555554
2.7279166666666668
2.6794444444444445
2.715
2.508472222222222
2.7056944444444446
2.5927777777777776
2.5233333333333334
2.3986111111111112
2.4994444444444444
2.2469444444444444
2.1265277777777776
2.5123611111111113
2.321111111111111
2.4491666666666667
2.3958333333333335
2.4115277777777777
2.3445833333333335
2.4165277777777776
2.589861111111111
2.1075
2.013611111111111
2.0477777777777777
2.1431944444444446
2.243888888888889
1.9630555555555556
1.98625
2.265138888888889
1.767638888888889
2.095833333333333
2.011527777777778
1.9136111111111112
1.885138888888889
1.8972222222222221
1.8554166666666667
1.87
1.8718055555555555
1.7240277777777777
1.7658333333333334
1.8518055555555555
1.6159722222222221
1.6888888888888889
1.9241666666666666
1.8090277777777777
1.9
1.7725
1.8083333333333333
1.8683333333333334
1.6827777777777777
1.7159722222222222
1.7131944444444445
1.556111111111111
1.572361111111111
1.538888888888889
1.6868055555555554
1.5084722222222222
1.6084722222222223
1.7459722222222223
1.5655555555555556
