6.605277777777777
5.5808333333333335
4.281527777777778
4.942777777777778
4.786666666666667
3.6997222222222224
4.182083333333333
3.8602777777777777
4.472777777777778
4.427083333333333
4.2075
4.512638888888889
4.0675
4.434166666666667
3.5675
4.271805555555556
3.6445833333333333
3.502638888888889
4.062083333333334
3.82375
3.982361111111111
3.5656944444444445
3.161388888888889
3.4944444444444445
3.8731944444444446
3.493472222222222
3.7480555555555557
3.55
3.28875
2.9227777777777777
3.0297222222222224
3.233888888888889
3.2543055555555553
3.0505555555555555
3.3120833333333333
3.1518055555555557
2.7706944444444446
2.875277777777778
3.2170833333333335
3.0795833333333333
2.706111111111111
2.736111111111111
2.803888888888889
2.611666666666667
2.631111111111111
2.9115277777777777
2.485
2.3244444444444445
2.3766666666666665
2.357638888888889
2.4891666666666667
2.5947222222222224
2.6225
2.7516666666666665
2.7081944444444446
2.068611111111111
2.516111111111111
2.1994444444444445
2.221388888888889
2.4244444444444446
2.5597222222222222
2.335
2.4072222222222224
2.164861111111111
2.221388888888889
2.1594444444444445
2.280972222222222
1.8772222222222221
2.3713888888888888
2.1945833333333336
2.2869444444444444
2.0434722222222224
2.039861111111111
2.1638888888888888
2.0854166666666667
1.9366666666666668
1.7570833333333333
1.8927777777777777
1.9166666666666667
1.7816666666666667
2.022361111111111
1.7015277777777778
1.8044444444444445
1.9372222222222222
1.8290277777777777
1.726388888888889
2.0169444444444444
1.9759722222222222
1.9318055555555556
1.5970833333333334
1.7938888888888889
1.708888888888889
1.82625
1.8488888888888888
1.6525
1.4881944444444444
1.7740277777777778
1.6997222222222221
1.7881944444444444
1.5391666666666666
