-34555.0
-29454.0
-20379.0
-24205.0
-23604.0
-16536.0
-18988.0
-17977.0
-21880.0
-21796.0
-20063.0
-22124.0
-19208.0
-21127.0
-15575.0
-20538.0
-16587.0
-15775.0
-18781.0
-17765.0
-18568.0
-16426.0
-12248.0
-16317.0
-18060.0
-15127.0
-17264.0
-16138.0
-14692.0
-12118.0
-13457.0
-13904.0
-14323.0
-13525.0
-14787.0
-12708.0
-10784.0
-12277.0
-14384.0
-13203.0
-10881.0
-11180.0
-11215.0
-10475.0
-9930.0
-11789.0
-9134.0
-8771.0
-9028.0
-8994.0
-9589.0
-10208.0
-10359.0
-10861.0
-9851.0
-7137.0
-9269.0
-8184.0
-7763.0
-8765.0
-8765.0
-8441.0
-9516.0
-8264.0
-7600.0
-6823.0
-7837.0
-6302.0
-8362.0
-7786.0
-7786.0
-7047.0
-7165.0
-7397.0
-7148.0
-6631.0
-5747.0
-6182.0
-6222.0
-5522.0
-6140.0
-5553.0
-5894.0
-6459.0
-5686.0
-5046.0
-5487.0
-6457.0
-6526.0
-4794.0
-5227.0
-4819.0
-5503.0
-5293.0
-4874.0
-4030.0
-5371.0
-4841.0
-4883.0
-4253.0
