47558
40182
30827
35588
34464
26638
30111
27794
32204
31875
30294
32491
29286
31926
25686
30757
26241
25219
29247
27531
28673
25673
22762
25160
27887
25153
26986
25560
23679
21044
21814
23284
23431
21964
23847
22693
19949
20702
23163
22173
19484
19700
20188
18804
18944
20963
17892
16736
17112
16975
17922
18682
18882
19812
19499
14894
18116
15836
15994
17456
18430
16812
17332
15587
15994
15548
16423
13516
17074
15801
16466
14713
14687
15580
15015
13944
12651
13628
13800
12828
14561
12251
12992
13948
13169
12430
14522
14227
13909
11499
12916
12304
13149
13312
11898
10715
12773
12238
12875
11082
