7.358611111111111
4.641666666666667
4.881388888888889
4.9806944444444445
5.275416666666667
5.391805555555556
4.563888888888889
4.727361111111111
4.524166666666667
5.038055555555555
3.7875
4.967777777777778
3.945
4.284861111111111
4.245138888888889
3.6845833333333333
3.2690277777777776
3.717361111111111
3.1958333333333333
3.5830555555555557
3.2493055555555554
4.482916666666667
3.6691666666666665
3.46
4.112638888888889
3.785416666666667
3.303888888888889
3.652222222222222
2.8358333333333334
2.98375
3.0725
3.105
2.8873611111111113
3.0831944444444446
2.774861111111111
2.8583333333333334
3.3943055555555555
2.499722222222222
2.8669444444444445
2.84875
2.59625
2.774861111111111
2.7595833333333335
3.064722222222222
2.476111111111111
2.7231944444444443
2.8226388888888887
2.3651388888888887
2.3631944444444444
2.6038888888888887
2.3433333333333333
2.5259722222222223
2.4472222222222224
2.368333333333333
2.6569444444444446
2.5933333333333333
2.0565277777777777
2.261111111111111
2.256527777777778
2.5468055555555558
2.444027777777778
2.317083333333333
2.0925
2.241527777777778
2.5140277777777778
2.247777777777778
2.0733333333333333
2.087222222222222
2.16375
2.08625
2.071527777777778
1.9280555555555556
2.242638888888889
2.147361111111111
2.0841666666666665
1.92625
1.8619444444444444
1.7633333333333334
2.09125
1.7204166666666667
2.05875
1.7075
1.9456944444444444
1.9068055555555556
1.931111111111111
1.9308333333333334
1.9697222222222222
1.7375
1.91375
1.676388888888889
1.86125
1.8363888888888888
1.75875
1.6956944444444444
1.6152777777777778
1.6233333333333333
1.6979166666666667
1.6815277777777777
1.7959722222222223
1.4655555555555555
