-39444.0
-22416.0
-23829.0
-24588.0
-26813.0
-27582.0
-22173.0
-23401.0
-22644.0
-25765.0
-17398.0
-25324.0
-18573.0
-20267.0
-18760.0
-16366.0
-14136.0
-16735.0
-13598.0
-16113.0
-13927.0
-21743.0
-14926.0
-15361.0
-19930.0
-16977.0
-14313.0
-16686.0
-12075.0
-12082.0
-12626.0
-13431.0
-12258.0
-13774.0
-11187.0
-10514.0
-14831.0
-9215.0
-12220.0
-10726.0
-9877.0
-11438.0
-11010.0
-12656.0
-9739.0
-10862.0
-11135.0
-8784.0
-8906.0
-10238.0
-8398.0
-9920.0
-9356.0
-8898.0
-8751.0
-10087.0
-5980.0
-8054.0
-7800.0
-9388.0
-8098.0
-8402.0
-7156.0
-8324.0
-9367.0
-8131.0
-6571.0
-7336.0
-7290.0
-6975.0
-7097.0
-6196.0
-8212.0
-7509.0
-7345.0
-6027.0
-5826.0
-5836.0
-6816.0
-5314.0
-6257.0
-5599.0
-7290.0
-6449.0
-6312.0
-5721.0
-5635.0
-5241.0
-6054.0
-5381.0
-6171.0
-5364.0
-5819.0
-4390.0
-4903.0
-4751.0
-4944.0
-4521.0
-4612.0
-3996.0
