52982
33420
35146
35861
37983
38821
32860
34037
32574
36274
27270
35768
28404
30851
30565
26529
23537
26765
23010
25798
23395
32277
26418
24912
29611
27255
23788
26296
20418
21483
22122
22356
20789
22199
19979
20580
24439
17998
20642
20511
18693
19979
19869
22066
17828
19607
20323
17029
17015
18748
16872
18187
17620
17052
19130
18672
14807
16280
16247
18337
17597
16683
15066
16139
18101
16184
14928
15028
15579
15021
14915
13882
16147
15461
15006
13869
13406
12696
15057
12387
14823
12294
14009
13729
13904
13902
14182
12510
13779
12070
13401
13222
12663
12209
11630
11688
12225
12107
12931
10552
