-21498.0
-24060.0
-20813.0
-27650.0
-22915.0
-24298.0
-17170.0
-18380.0
-25394.0
-29941.0
-19049.0
-24810.0
-22524.0
-17536.0
-16505.0
-13139.0
-15003.0
-15958.0
-22118.0
-13922.0
-17088.0
-17379.0
-16122.0
-14762.0
-17508.0
-15790.0
-14636.0
-14064.0
-14775.0
-11420.0
-13295.0
-10892.0
-16508.0
-14566.0
-11706.0
-10771.0
-12776.0
-11731.0
-11816.0
-7995.0
-10374.0
-10005.0
-11131.0
-9823.0
-9444.0
-9313.0
-11143.0
-9628.0
-9269.0
-8701.0
-9037.0
-9947.0
-9739.0
-9747.0
-9573.0
-8029.0
-9438.0
-8059.0
-8318.0
-8722.0
-8524.0
-9540.0
-8754.0
-6874.0
-8328.0
-7182.0
-7917.0
-7343.0
-7759.0
-7465.0
-8039.0
-7209.0
-7018.0
-6864.0
-7906.0
-5925.0
-6583.0
-5115.0
-6614.0
-6199.0
-7158.0
-5885.0
-6101.0
-5672.0
-5755.0
-6175.0
-5018.0
-6719.0
-5401.0
-5673.0
-5501.0
-5349.0
-4835.0
-5008.0
-4993.0
-4231.0
-5324.0
-4955.0
-5176.0
-4582.0
