32960
34962
30882
39830
33599
35301
27058
28107
35968
41333
29197
35565
32926
27313
27099
22787
24089
25372
32865
23333
27073
27992
27727
23931
27430
25136
23658
23616
23854
19655
22965
19705
26229
23803
20818
20401
22519
20319
20889
17239
19106
18333
19763
18978
17402
17802
20346
18280
17560
16574
16948
18564
18009
18161
20424
15828
19097
16590
16880
17551
17922
18123
16352
14641
16053
15921
16211
14485
15448
15586
16349
14791
15239
15518
15545
12829
14205
11930
14363
14121
15417
13193
13615
12826
13282
14171
13520
14172
13017
12782
13198
12983
11729
13128
12562
11376
12288
12647
14038
11380
