4.5777777777777775
4.855833333333333
4.289166666666667
5.531944444444444
4.666527777777778
4.902916666666667
3.7580555555555555
3.90375
4.995555555555556
5.740694444444444
4.055138888888889
4.939583333333333
4.573055555555555
3.7934722222222224
3.76375
3.164861111111111
3.3456944444444443
3.523888888888889
4.564583333333333
3.2406944444444443
3.7601388888888887
3.887777777777778
3.850972222222222
3.32375
3.8097222222222222
3.491111111111111
3.285833333333333
3.28
3.3130555555555556
2.729861111111111
3.189583333333333
2.7368055555555557
3.642916666666667
3.305972222222222
2.891388888888889
2.8334722222222224
3.127638888888889
2.8220833333333335
2.90125
2.3943055555555555
2.653611111111111
2.54625
2.744861111111111
2.6358333333333333
2.4169444444444443
2.4725
2.825833333333333
2.5388888888888888
2.438888888888889
2.3019444444444446
2.3538888888888887
2.578333333333333
2.50125
2.522361111111111
2.8366666666666664
2.1983333333333333
2.652361111111111
2.3041666666666667
2.3444444444444446
2.437638888888889
2.4891666666666667
2.5170833333333333
2.2711111111111113
2.033472222222222
2.2295833333333333
2.21125
2.2515277777777776
2.0118055555555556
2.1455555555555557
2.164722222222222
2.2706944444444446
2.0543055555555556
2.116527777777778
2.1552777777777776
2.1590277777777778
1.7818055555555556
1.9729166666666667
1.6569444444444446
1.9948611111111112
1.96125
2.14125
1.832361111111111
1.8909722222222223
1.781388888888889
1.8447222222222222
1.9681944444444444
1.8777777777777778
1.9683333333333333
1.8079166666666666
1.7752777777777777
1.8330555555555557
1.8031944444444445
1.6290277777777777
1.8233333333333333
1.7447222222222223
1.58
1.7066666666666668
1.7565277777777777
1.9497222222222221
1.5805555555555555
