49232
46640
43591
30932
35649
34656
33337
32909
37170
30514
32357
28877
27586
27630
26066
27282
28802
23730
26094
26182
19260
24794
31259
23309
26098
24470
21188
23754
23074
22068
20437
21627
22489
22152
19624
20846
20228
22691
18427
21633
19288
19721
18090
21169
19788
20200
17446
18276
17791
17039
17875
16192
17549
17689
17002
17046
17576
18494
16019
16641
15599
16926
14619
14229
13411
15955
14918
14731
14768
15559
15654
13328
13848
14356
13908
13408
13703
13451
14062
12041
14970
12518
13628
12836
12931
13061
12373
13303
12501
11234
11789
12564
10902
11557
12680
10285
12094
12092
11469
11181
