-65368.0
-63771.0
-57558.0
-36563.0
-44230.0
-43628.0
-39716.0
-38416.0
-45256.0
-36366.0
-39431.0
-34583.0
-29887.0
-31848.0
-26716.0
-29875.0
-32882.0
-24374.0
-27564.0
-29302.0
-17635.0
-25602.0
-34076.0
-22124.0
-28596.0
-26733.0
-20512.0
-23369.0
-22585.0
-21403.0
-20217.0
-19641.0
-22646.0
-21785.0
-16324.0
-16970.0
-17749.0
-23636.0
-13746.0
-19081.0
-16867.0
-17908.0
-14268.0
-18831.0
-17222.0
-16906.0
-13435.0
-15197.0
-14648.0
-13734.0
-13204.0
-12003.0
-15034.0
-13741.0
-11051.0
-13544.0
-12942.0
-16042.0
-11630.0
-12751.0
-10037.0
-12465.0
-10097.0
-9226.0
-8255.0
-12703.0
-9327.0
-9977.0
-9835.0
-11085.0
-10482.0
-7918.0
-8390.0
-8575.0
-9461.0
-7916.0
-8221.0
-8326.0
-8953.0
-6047.0
-8062.0
-6390.0
-8525.0
-6348.0
-7358.0
-6799.0
-5855.0
-7122.0
-5786.0
-4795.0
-5634.0
-5547.0
-4932.0
-4847.0
-7093.0
-4270.0
-5445.0
-5425.0
-3734.0
-4820.0
