6.837777777777778
6.477777777777778
6.054305555555556
4.296111111111111
4.95125
4.8133333333333335
4.630138888888889
4.570694444444444
5.1625
4.2380555555555555
4.494027777777778
4.010694444444445
3.8313888888888887
3.8375
3.620277777777778
3.7891666666666666
4.000277777777778
3.2958333333333334
3.6241666666666665
3.636388888888889
2.675
3.443611111111111
4.341527777777777
3.237361111111111
3.624722222222222
3.3986111111111112
2.9427777777777777
3.299166666666667
3.2047222222222222
3.065
2.8384722222222223
3.00375
3.1234722222222224
3.0766666666666667
2.7255555555555557
2.895277777777778
2.8094444444444444
3.151527777777778
2.5593055555555555
3.004583333333333
2.678888888888889
2.739027777777778
2.5125
2.940138888888889
2.7483333333333335
2.8055555555555554
2.4230555555555555
2.5383333333333336
2.470972222222222
2.366527777777778
2.482638888888889
2.2488888888888887
2.437361111111111
2.4568055555555555
2.361388888888889
2.3675
2.4411111111111112
2.568611111111111
2.224861111111111
2.31125
2.1665277777777776
2.3508333333333336
2.0304166666666665
1.97625
1.862638888888889
2.2159722222222222
2.0719444444444446
2.0459722222222223
2.051111111111111
2.160972222222222
2.174166666666667
1.8511111111111112
1.9233333333333333
1.9938888888888888
1.9316666666666666
1.8622222222222222
1.9031944444444444
1.8681944444444445
1.9530555555555555
1.6723611111111112
2.0791666666666666
1.738611111111111
1.8927777777777777
1.7827777777777778
1.7959722222222223
1.8140277777777778
1.7184722222222222
1.8476388888888888
1.73625
1.5602777777777779
1.637361111111111
1.745
1.5141666666666667
1.605138888888889
1.761111111111111
1.4284722222222221
1.6797222222222221
1.6794444444444445
1.5929166666666668
1.5529166666666667
