37739
36719
35796
34755
30624
38296
32408
30266
30544
34137
29668
28989
32364
26861
35221
24890
24758
26031
23238
27921
29063
24456
25577
25874
23587
23867
24678
20133
22305
27981
23329
23567
24239
20610
20798
21189
25903
18766
18180
21360
21340
19613
19458
20420
17237
18663
18492
19798
17057
14943
16909
17506
16906
16895
19007
17374
17159
16613
19837
17046
16973
15998
14831
15283
15033
17235
14614
14640
13844
14629
15151
14125
14921
15237
12696
14011
13011
12945
13624
12290
14268
11931
12391
12969
13280
13781
12732
13492
12651
11147
12991
12339
11282
12052
12246
10849
12151
11327
12143
10745
