5.241527777777778
5.099861111111111
4.971666666666667
4.827083333333333
4.253333333333333
5.318888888888889
4.501111111111111
4.203611111111111
4.242222222222222
4.74125
4.120555555555556
4.02625
4.495
3.7306944444444445
4.891805555555556
3.4569444444444444
3.4386111111111113
3.6154166666666665
3.2275
3.8779166666666667
4.036527777777778
3.3966666666666665
3.5523611111111113
3.593611111111111
3.2759722222222223
3.314861111111111
3.4275
2.79625
3.097916666666667
3.88625
3.2401388888888887
3.2731944444444445
3.366527777777778
2.8625
2.888611111111111
2.9429166666666666
3.597638888888889
2.606388888888889
2.525
2.966666666666667
2.963888888888889
2.7240277777777777
2.7025
2.8361111111111112
2.3940277777777776
2.5920833333333335
2.5683333333333334
2.749722222222222
2.3690277777777777
2.0754166666666665
2.348472222222222
2.431388888888889
2.3480555555555553
2.3465277777777778
2.639861111111111
2.4130555555555557
2.3831944444444444
2.307361111111111
2.755138888888889
2.3675
2.357361111111111
2.2219444444444445
2.059861111111111
2.122638888888889
2.0879166666666666
2.39375
2.0297222222222224
2.033333333333333
1.9227777777777777
2.0318055555555556
2.1043055555555554
1.9618055555555556
2.0723611111111113
2.11625
1.7633333333333334
1.9459722222222222
1.8070833333333334
1.7979166666666666
1.8922222222222222
1.7069444444444444
1.9816666666666667
1.6570833333333332
1.7209722222222221
1.80125
1.8444444444444446
1.9140277777777779
1.7683333333333333
1.873888888888889
1.7570833333333333
1.5481944444444444
1.8043055555555556
1.71375
1.5669444444444445
1.673888888888889
1.7008333333333334
1.5068055555555555
1.687638888888889
1.5731944444444443
1.6865277777777778
1.492361111111111
