-211836.0
-211728.0
-200515.0
-201462.0
-172724.0
-225824.0
-162658.0
-169290.0
-155568.0
-178328.0
-156154.0
-147521.0
-175476.0
-128537.0
-180795.0
-106064.0
-111669.0
-114469.0
-104082.0
-140660.0
-153437.0
-109014.0
-110909.0
-114124.0
-104924.0
-97043.0
-114993.0
-72945.0
-89107.0
-129159.0
-97445.0
-93324.0
-103552.0
-79657.0
-74972.0
-75490.0
-114573.0
-67139.0
-57002.0
-74039.0
-81794.0
-66719.0
-64967.0
-76802.0
-50870.0
-54372.0
-51267.0
-74535.0
-50508.0
-34869.0
-41440.0
-47813.0
-48572.0
-50481.0
-58585.0
-53376.0
-44507.0
-48772.0
-62365.0
-37872.0
-49093.0
-35622.0
-31945.0
-39127.0
-36730.0
-45833.0
-27103.0
-34461.0
-23765.0
-31194.0
-29708.0
-33623.0
-28114.0
-25665.0
-19013.0
-25836.0
-27105.0
-17894.0
-20312.0
-19626.0
-18193.0
-11845.0
-22588.0
-14203.0
-18834.0
-21190.0
-13153.0
-17044.0
-9366.0
-7960.0
-18123.0
-11718.0
-7161.0
-12109.0
-10890.0
-7229.0
-9172.0
-6893.0
-4958.0
-4100.0
