-43568.0
-50771.0
-65465.0
-47086.0
-42687.0
-43150.0
-34798.0
-52909.0
-30833.0
-34038.0
-29885.0
-24556.0
-32596.0
-34852.0
-36703.0
-29382.0
-30180.0
-25700.0
-32393.0
-24003.0
-23557.0
-23108.0
-27355.0
-22418.0
-23922.0
-27852.0
-24191.0
-20505.0
-23141.0
-18252.0
-23526.0
-20331.0
-23100.0
-25011.0
-18159.0
-19123.0
-20603.0
-19735.0
-19795.0
-14735.0
-26333.0
-17192.0
-13816.0
-20352.0
-18204.0
-18078.0
-16177.0
-14375.0
-12530.0
-14693.0
-17248.0
-13181.0
-12761.0
-16734.0
-12286.0
-12854.0
-11998.0
-10974.0
-10719.0
-11966.0
-14643.0
-13119.0
-10952.0
-11919.0
-10800.0
-8943.0
-11308.0
-9653.0
-10362.0
-9065.0
-9217.0
-8996.0
-7873.0
-8465.0
-9117.0
-10687.0
-10020.0
-8827.0
-8247.0
-7948.0
-7862.0
-5306.0
-7771.0
-7933.0
-6633.0
-6359.0
-6762.0
-5996.0
-5704.0
-6210.0
-5849.0
-5941.0
-5212.0
-5031.0
-4987.0
-4380.0
-5372.0
-6082.0
-6008.0
-3976.0
