4.8654166666666665
5.413888888888889
6.765833333333333
5.303055555555556
4.780694444444444
4.713472222222222
4.332638888888889
5.776805555555556
3.8116666666666665
4.120277777777778
3.9779166666666668
3.2919444444444443
3.9629166666666666
4.064444444444445
4.535416666666666
3.6669444444444443
3.6858333333333335
3.5268055555555557
4.059861111111111
3.256527777777778
3.171388888888889
3.195972222222222
3.5372222222222223
3.191666666666667
3.2456944444444447
3.658611111111111
3.278888888888889
3.069166666666667
3.1622222222222223
2.844027777777778
3.088888888888889
3.008472222222222
3.0840277777777776
3.276527777777778
2.8940277777777776
3.0101388888888887
3.0119444444444445
2.7244444444444444
2.8594444444444442
2.562638888888889
3.352222222222222
2.6993055555555556
2.448888888888889
2.9452777777777777
2.669722222222222
2.7490277777777776
2.578888888888889
2.4683333333333333
2.314861111111111
2.55
2.7544444444444443
2.3869444444444445
2.2844444444444445
2.8377777777777777
2.49375
2.3755555555555556
2.3140277777777776
2.151666666666667
2.158888888888889
2.3029166666666665
2.6893055555555554
2.42375
2.0520833333333335
2.2080555555555557
2.105
2.0566666666666666
2.2256944444444446
2.0391666666666666
2.0505555555555555
2.0754166666666665
2.031527777777778
1.8984722222222221
1.8758333333333332
2.026388888888889
1.893888888888889
2.0605555555555557
2.026527777777778
1.9194444444444445
1.9759722222222222
1.917638888888889
2.048611111111111
1.5731944444444443
1.8290277777777777
1.9333333333333333
1.7381944444444444
1.7994444444444444
1.8316666666666668
1.7108333333333334
1.7618055555555556
1.7055555555555555
1.7130555555555556
1.707638888888889
1.5365277777777777
1.6356944444444443
1.6169444444444445
1.5148611111111112
1.6558333333333333
1.6472222222222221
1.8059722222222223
1.4997222222222222
