35031
38980
48714
38182
34421
33937
31195
41593
27444
29666
28641
23702
28533
29264
32655
26402
26538
25393
29231
23447
22834
23011
25468
22980
23369
26342
23608
22098
22768
20477
22240
21661
22205
23591
20837
21673
21686
19616
20588
18451
24136
19435
17632
21206
19222
19793
18568
17772
16667
18360
19832
17186
16448
20432
17955
17104
16661
15492
15544
16581
19363
17451
14775
15898
15156
14808
16025
14682
14764
14943
14627
13669
13506
14590
13636
14836
14591
13820
14227
13807
14750
11327
13169
13920
12515
12956
13188
12318
12685
12280
12334
12295
11063
11777
11642
10907
11922
11860
13003
10798
