36004
42285
38776
33197
38763
32839
36927
27565
33006
37422
28843
25054
26210
30512
29341
27103
31455
32101
25475
30991
30324
24248
24075
25228
30739
23958
25655
22671
22997
21323
23767
23665
19641
22108
20756
20609
22178
22120
19215
21315
19901
19952
18281
22569
18947
18108
18419
18326
17146
18854
15626
17677
20272
19121
19655
16035
18296
16434
15196
16802
18113
16272
16802
16133
16638
16491
15998
13685
14659
13504
15182
13263
14557
14672
13563
13115
14612
13221
13134
13438
14198
11313
11777
13831
13190
15576
13069
12762
13940
12549
11662
13574
11708
11719
11379
10734
12135
11718
11969
9986
