-31453.99999999999
-39834.33333333335
-35081.66666666667
-27695.333333333318
-35305.66666666665
-28126.000000000015
-31051.33333333334
-21578.333333333325
-29098.666666666664
-32972.999999999985
-23444.333333333325
-19874.000000000004
-20275.999999999996
-25973.99999999999
-22122.333333333336
-21889.333333333332
-27150.666666666664
-27640.666666666675
-20025.0
-26152.666666666668
-25079.333333333332
-17562.333333333336
-15751.333333333332
-18405.333333333336
-25551.000000000015
-18187.666666666664
-19951.0
-15702.000000000004
-17632.000000000004
-14704.0
-17925.333333333332
-18081.999999999996
-12910.000000000002
-15854.333333333334
-14791.666666666662
-12826.000000000004
-15249.999999999996
-16714.66666666666
-13435.999999999998
-14770.666666666666
-13604.333333333332
-13930.666666666666
-11014.666666666666
-15328.999999999998
-12760.0
-10916.333333333332
-11882.666666666668
-11853.666666666666
-9918.999999999998
-11755.0
-8989.333333333334
-10667.999999999996
-14110.66666666666
-12146.333333333338
-10989.000000000005
-9233.0
-11278.66666666666
-10011.333333333334
-7973.333333333333
-10307.666666666668
-10104.333333333332
-9473.66666666667
-9962.333333333332
-10262.333333333336
-9599.0
-9105.666666666668
-9354.66666666667
-7562.666666666666
-8059.333333333332
-6929.666666666666
-8090.999999999998
-6588.0
-8101.0
-7477.666666666666
-6939.333333333333
-6420.333333333333
-8023.666666666664
-6480.666666666669
-6431.999999999999
-6438.666666666665
-6587.666666666668
-4891.666666666666
-5437.333333333333
-6492.333333333333
-6654.333333333333
-7335.333333333334
-5342.0
-5618.333333333334
-6211.666666666666
-5857.333333333334
-5266.333333333333
-6221.333333333333
-5150.666666666667
-5670.333333333333
-4971.333333333333
-4690.333333333334
-5392.000000000001
-4926.999999999999
-3861.333333333333
-3779.333333333333
