5.000555555555556
5.872916666666667
5.385555555555555
4.610694444444444
5.38375
4.560972222222222
5.12875
3.828472222222222
4.5841666666666665
5.1975
4.005972222222222
3.479722222222222
3.640277777777778
4.237777777777778
4.075138888888889
3.7643055555555556
4.36875
4.458472222222222
3.5381944444444446
4.304305555555556
4.211666666666667
3.367777777777778
3.34375
3.503888888888889
4.2693055555555555
3.3275
3.5631944444444446
3.14875
3.194027777777778
2.961527777777778
3.300972222222222
3.2868055555555555
2.7279166666666668
3.0705555555555555
2.8827777777777777
2.862361111111111
3.080277777777778
3.0722222222222224
2.66875
2.9604166666666667
2.7640277777777778
2.7711111111111113
2.5390277777777777
3.1345833333333335
2.631527777777778
2.515
2.5581944444444447
2.5452777777777778
2.381388888888889
2.618611111111111
2.1702777777777778
2.455138888888889
2.8155555555555556
2.6556944444444444
2.729861111111111
2.2270833333333333
2.5411111111111113
2.2825
2.1105555555555555
2.3336111111111113
2.5156944444444442
2.26
2.3336111111111113
2.2406944444444443
2.3108333333333335
2.2904166666666668
2.2219444444444445
1.9006944444444445
2.035972222222222
1.8755555555555556
2.108611111111111
1.8420833333333333
2.0218055555555554
2.037777777777778
1.88375
1.8215277777777779
2.0294444444444446
1.83625
1.8241666666666667
1.8663888888888889
1.9719444444444445
1.57125
1.6356944444444443
1.9209722222222223
1.8319444444444444
2.1633333333333336
1.8151388888888889
1.7725
1.9361111111111111
1.7429166666666667
1.6197222222222223
1.8852777777777778
1.626111111111111
1.6276388888888889
1.5804166666666666
1.4908333333333332
1.6854166666666666
1.6275
1.6623611111111112
1.3869444444444445
