5.030833333333334
5.758055555555556
5.618333333333333
4.984166666666667
4.985
4.741388888888889
4.792222222222223
4.224583333333333
3.529166666666667
3.9068055555555556
3.8879166666666665
4.088472222222222
4.874583333333334
3.938888888888889
3.901388888888889
4.135972222222223
3.8651388888888887
3.960277777777778
4.687777777777778
3.6733333333333333
3.484166666666667
3.4891666666666667
3.675972222222222
3.2197222222222224
2.8105555555555557
3.006527777777778
3.412361111111111
3.1841666666666666
2.8880555555555554
3.386527777777778
3.0908333333333333
3.290138888888889
2.705972222222222
2.94
2.9634722222222223
2.8093055555555555
3.0795833333333333
2.52625
2.5569444444444445
2.73
3.2344444444444442
2.517361111111111
2.9027777777777777
2.96625
2.4409722222222223
2.796527777777778
2.5405555555555557
2.4702777777777776
2.4245833333333335
2.647777777777778
2.1858333333333335
2.6266666666666665
2.251388888888889
2.4458333333333333
2.425
2.234166666666667
2.3515277777777777
2.3095833333333333
2.5068055555555557
2.038611111111111
2.4920833333333334
2.1847222222222222
1.981111111111111
2.077777777777778
2.2955555555555556
2.1566666666666667
2.0054166666666666
2.1256944444444446
1.7705555555555557
2.1056944444444445
1.908611111111111
1.8711111111111112
1.947638888888889
2.0769444444444445
1.9156944444444444
1.7391666666666667
1.8533333333333333
1.727638888888889
1.9601388888888889
1.8138888888888889
1.9193055555555556
1.74125
1.6965277777777779
2.0797222222222222
1.8293055555555555
1.7106944444444445
1.6476388888888889
1.8230555555555557
1.8179166666666666
1.6325
1.6958333333333333
1.7544444444444445
1.5347222222222223
1.6336111111111111
1.7080555555555557
1.5520833333333333
1.73375
1.701111111111111
1.8116666666666668
1.4520833333333334
