36222
41458
40452
35886
35892
34138
34504
30417
25410
28129
27993
29437
35097
28360
28090
29779
27829
28514
33752
26448
25086
25122
26467
23182
20236
21647
24569
22926
20794
24383
22254
23689
19483
21168
21337
20227
22173
18189
18410
19656
23288
18125
20900
21357
17575
20135
18292
17786
17457
19064
15738
18912
16210
17610
17460
16086
16931
16629
18049
14678
17943
15730
14264
14960
16528
15528
14439
15305
12748
15161
13742
13472
14023
14954
13793
12522
13344
12439
14113
13060
13819
12537
12215
14974
13171
12317
11863
13126
13089
11754
12210
12632
11050
11762
12298
11175
12483
12248
13044
10455
