-208958.0
-232215.0
-242895.0
-197658.0
-211007.0
-187795.0
-190079.0
-155054.0
-119507.0
-143089.0
-136036.0
-161741.0
-197810.0
-154421.0
-127884.0
-148817.0
-148282.0
-136247.0
-186970.0
-115338.0
-114828.0
-107657.0
-123308.0
-91065.0
-75919.0
-82648.0
-106551.0
-90294.0
-78243.0
-94274.0
-92529.0
-94723.0
-78883.0
-78518.0
-81205.0
-68865.0
-82599.0
-56764.0
-60665.0
-70073.0
-92662.0
-63251.0
-73537.0
-79496.0
-58331.0
-66158.0
-49256.0
-50776.0
-49938.0
-62152.0
-33242.0
-63094.0
-38773.0
-49826.0
-44883.0
-40859.0
-43476.0
-44195.0
-48504.0
-35587.0
-45843.0
-34951.0
-25561.0
-27389.0
-42211.0
-30790.0
-33012.0
-34998.0
-19381.0
-22322.0
-21398.0
-26380.0
-24703.0
-21592.0
-23612.0
-17734.0
-24320.0
-18029.0
-20645.0
-16991.0
-22863.0
-21197.0
-13351.0
-23253.0
-22040.0
-10339.0
-9599.0
-13249.0
-14081.0
-13514.0
-11054.0
-14564.0
-8284.0
-10698.0
-8581.0
-11981.0
-9633.0
-6497.0
-7978.0
-5868.0
