5.700138888888889
5.593194444444444
4.94875
6.058333333333334
4.610833333333333
4.645833333333333
5.434166666666667
3.861527777777778
4.65875
4.614444444444445
4.906805555555556
3.9094444444444445
4.252638888888889
4.4319444444444445
4.010555555555555
4.9127777777777775
4.351527777777778
3.8019444444444446
3.508472222222222
3.32375
4.6426388888888885
3.4056944444444444
3.756388888888889
3.5068055555555557
2.9161111111111113
3.222638888888889
3.3409722222222222
3.3779166666666667
3.160833333333333
3.2913888888888887
3.0172222222222222
3.0145833333333334
3.0920833333333335
3.401666666666667
3.082222222222222
2.887777777777778
2.9105555555555553
3.230138888888889
2.7206944444444443
2.8627777777777776
2.3536111111111113
2.670138888888889
3.2645833333333334
2.983888888888889
2.3344444444444443
2.5011111111111113
2.7944444444444443
2.765416666666667
2.4519444444444445
2.319027777777778
2.4906944444444443
2.498611111111111
2.270138888888889
2.535972222222222
2.1148611111111113
2.22625
2.1119444444444446
2.3945833333333333
2.320972222222222
2.4993055555555554
2.4009722222222223
2.1995833333333334
1.9172222222222222
2.2430555555555554
2.3041666666666667
2.0456944444444445
2.089027777777778
1.9533333333333334
2.056388888888889
2.0319444444444446
2.4368055555555554
1.8740277777777778
1.8981944444444445
2.0430555555555556
2.0529166666666665
2.07375
2.0972222222222223
1.8534722222222222
1.7961111111111112
1.8351388888888889
2.0840277777777776
1.7201388888888889
1.9644444444444444
1.8895833333333334
1.9319444444444445
1.9220833333333334
1.7675
1.8955555555555557
1.9905555555555556
1.6119444444444444
1.791388888888889
1.8919444444444444
1.5963888888888889
1.8194444444444444
1.7397222222222222
1.6401388888888888
1.7547222222222223
1.5919444444444444
1.9433333333333334
1.4429166666666666
