-29105.0
-29243.0
-24643.0
-31506.0
-22219.0
-22716.0
-27671.0
-17380.0
-23261.0
-23135.0
-24813.0
-18133.0
-20824.0
-21901.0
-19640.0
-23398.0
-21410.0
-17751.0
-15144.0
-14521.0
-22866.0
-15169.0
-15624.0
-15672.0
-12716.0
-13895.0
-15411.0
-14902.0
-13945.0
-14823.0
-13142.0
-12762.0
-13637.0
-15720.0
-12693.0
-10796.0
-11093.0
-14690.0
-10568.0
-10727.0
-8944.0
-10812.0
-14200.0
-12839.0
-9166.0
-9560.0
-11059.0
-10889.0
-9311.0
-9110.0
-9696.0
-10121.0
-8852.0
-8915.0
-7125.0
-8645.0
-6540.0
-8705.0
-8667.0
-8541.0
-7777.0
-7743.0
-5964.0
-8306.0
-8652.0
-7099.0
-7100.0
-6837.0
-7077.0
-6502.0
-8808.0
-6006.0
-5830.0
-7271.0
-6949.0
-6919.0
-7268.0
-5991.0
-5279.0
-5751.0
-6377.0
-5052.0
-6310.0
-5900.0
-6451.0
-5670.0
-4977.0
-5702.0
-6221.0
-4827.0
-5661.0
-5807.0
-4730.0
-4849.0
-5268.0
-4778.0
-4990.0
-4564.0
-5928.0
-4414.0
