41041
40271
35631
43620
33198
33450
39126
27803
33543
33224
35329
28148
30619
31910
28876
35372
31331
27374
25261
23931
33427
24521
27046
25249
20996
23203
24055
24321
22758
23698
21724
21705
22263
24492
22192
20792
20956
23257
19589
20612
16946
19225
23505
21484
16808
18008
20120
19911
17654
16697
17933
17990
16345
18259
15227
16029
15206
17241
16711
17995
17287
15837
13804
16150
16590
14729
15041
14064
14806
14630
17545
13493
13667
14710
14781
14931
15100
13345
12932
13213
15005
12385
14144
13605
13910
13839
12726
13648
14332
11606
12898
13622
11494
13100
12526
11809
12634
11462
13992
10389
