5.344027777777778
4.382638888888889
5.264861111111111
4.2468055555555555
5.4625
4.860833333333333
4.355277777777777
4.428333333333334
4.650555555555556
3.9256944444444444
3.831111111111111
4.10125
4.825138888888889
3.6333333333333333
3.9272222222222224
4.527916666666667
4.1120833333333335
3.171666666666667
2.9429166666666666
3.2977777777777777
3.5206944444444446
3.8480555555555553
3.419861111111111
3.1661111111111113
3.432777777777778
3.376388888888889
3.4877777777777776
3.5677777777777777
3.533472222222222
3.5083333333333333
3.147777777777778
2.9056944444444444
2.763333333333333
3.0833333333333335
3.0308333333333333
3.2015277777777778
3.0808333333333335
2.7406944444444443
2.9258333333333333
2.8644444444444446
2.492638888888889
2.803888888888889
2.9763888888888888
2.548888888888889
2.570972222222222
2.6886111111111113
2.6105555555555555
2.5316666666666667
2.6966666666666668
2.490972222222222
2.97125
2.4788888888888887
2.31
2.439722222222222
2.4808333333333334
2.343611111111111
2.3897222222222223
2.28125
2.174027777777778
2.495416666666667
2.2672222222222222
2.3540277777777776
2.493333333333333
2.0166666666666666
2.1155555555555554
2.3319444444444444
1.8697222222222223
2.100277777777778
2.1033333333333335
2.2206944444444443
2.1547222222222224
2.0755555555555554
1.9559722222222222
1.9458333333333333
1.9408333333333334
2.002083333333333
2.140138888888889
2.0780555555555558
1.9484722222222222
1.8480555555555556
2.162361111111111
1.6405555555555555
1.6743055555555555
1.812361111111111
1.8641666666666667
2.0529166666666665
1.9543055555555555
1.9445833333333333
1.8633333333333333
1.7873611111111112
1.9540277777777777
1.875138888888889
1.7005555555555556
1.7226388888888888
1.6427777777777777
1.602638888888889
1.82
1.8980555555555556
1.9430555555555555
1.4618055555555556
