38477
31555
37907
30577
39330
34998
31358
31884
33484
28265
27584
29529
34741
26160
28276
32601
29607
22836
21189
23744
25349
27706
24623
22796
24716
24310
25112
25688
25441
25260
22664
20921
19896
22200
21822
23051
22182
19733
21066
20624
17947
20188
21430
18352
18511
19358
18796
18228
19416
17935
21393
17848
16632
17566
17862
16874
17206
16425
15653
17967
16324
16949
17952
14520
15232
16790
13462
15122
15144
15989
15514
14944
14083
14010
13974
14415
15409
14962
14029
13306
15569
11812
12055
13049
13422
14781
14071
14001
13416
12869
14069
13501
12244
12403
11828
11539
13104
13666
13990
10525
