-27112.0
-21194.0
-26666.0
-19588.0
-27824.0
-24531.0
-20435.0
-21868.0
-22625.0
-18442.0
-17501.0
-19942.0
-24316.0
-16837.0
-18003.0
-21986.0
-19463.0
-13940.0
-11945.0
-14890.0
-15641.0
-17573.0
-15195.0
-13780.0
-15978.0
-15035.0
-16020.0
-15518.0
-15214.0
-15773.0
-13894.0
-11940.0
-11223.0
-12943.0
-12794.0
-12982.0
-12498.0
-10956.0
-12295.0
-11253.0
-9360.0
-11421.0
-12545.0
-9293.0
-10284.0
-10158.0
-10095.0
-9639.0
-10033.0
-9217.0
-11965.0
-9571.0
-8161.0
-8491.0
-7984.0
-8186.0
-7964.0
-7502.0
-7589.0
-8960.0
-7251.0
-8664.0
-9580.0
-6736.0
-7062.0
-8108.0
-5849.0
-7266.0
-7390.0
-7427.0
-7001.0
-7402.0
-6650.0
-6519.0
-6929.0
-6640.0
-7743.0
-7728.0
-6134.0
-6253.0
-6701.0
-4932.0
-5126.0
-6209.0
-5751.0
-6385.0
-5427.0
-5683.0
-5835.0
-5564.0
-6032.0
-5698.0
-5263.0
-4667.0
-4877.0
-5020.0
-5198.0
-5551.0
-5617.0
-4266.0
