45453
46296
32247
29093
31149
35733
35767
31353
34311
34645
29057
33444
31905
25940
31201
25862
29870
25131
25094
33261
26182
28596
26567
24949
23794
26333
21056
25170
22459
21922
21524
20783
22152
23085
24452
21577
21219
19943
20250
22026
21806
17251
19543
21098
19501
19180
16816
16630
16732
17825
18067
16780
16511
16978
17011
16606
19616
16441
16263
15294
18629
16401
15967
15381
15274
15949
14179
14064
14888
16866
15343
14226
13210
14625
14261
13133
12822
13416
13152
12349
14079
12780
12403
12924
12990
13455
13509
13095
13077
12160
12540
12112
10360
12195
11912
11159
12316
11976
12821
10656
