-58848.0
-62071.0
-37125.0
-33594.0
-37837.0
-44429.0
-43630.0
-34973.0
-42251.0
-42276.0
-32299.0
-40920.0
-38466.0
-28931.0
-34709.0
-26303.0
-33943.0
-28203.0
-27440.0
-39295.0
-29456.0
-30083.0
-26344.0
-26055.0
-24817.0
-28494.0
-19763.0
-25064.0
-25027.0
-21661.0
-22744.0
-19940.0
-21455.0
-23272.0
-25552.0
-19077.0
-21262.0
-19278.0
-17890.0
-19570.0
-21291.0
-14456.0
-16652.0
-19665.0
-19675.0
-16346.0
-12223.0
-12079.0
-12772.0
-14124.0
-13772.0
-13223.0
-12424.0
-13113.0
-13117.0
-13526.0
-16429.0
-12354.0
-11666.0
-10782.0
-13333.0
-11290.0
-11390.0
-11680.0
-10269.0
-11165.0
-9032.0
-8823.0
-9521.0
-12220.0
-10513.0
-8906.0
-8002.0
-9384.0
-9988.0
-7656.0
-7049.0
-9122.0
-7971.0
-6434.0
-7513.0
-7123.0
-7640.0
-7356.0
-7314.0
-6667.0
-7585.0
-6711.0
-6275.0
-6007.0
-5441.0
-5234.0
-4473.0
-5817.0
-6284.0
-4952.0
-5209.0
-5081.0
-5047.0
-5030.0
