6.312916666666666
6.43
4.47875
4.040694444444444
4.32625
4.962916666666667
4.967638888888889
4.354583333333333
4.765416666666667
4.811805555555556
4.035694444444444
4.645
4.43125
3.602777777777778
4.333472222222222
3.5919444444444446
4.148611111111111
3.4904166666666665
3.4852777777777777
4.619583333333333
3.636388888888889
3.9716666666666667
3.689861111111111
3.4651388888888888
3.3047222222222223
3.6573611111111113
2.9244444444444446
3.495833333333333
3.1193055555555556
3.044722222222222
2.9894444444444446
2.886527777777778
3.0766666666666667
3.20625
3.3961111111111113
2.9968055555555555
2.9470833333333335
2.769861111111111
2.8125
3.0591666666666666
3.028611111111111
2.3959722222222224
2.7143055555555557
2.930277777777778
2.7084722222222224
2.6638888888888888
2.3355555555555556
2.3097222222222222
2.323888888888889
2.4756944444444446
2.5093055555555557
2.3305555555555557
2.2931944444444445
2.3580555555555556
2.3626388888888887
2.306388888888889
2.7244444444444444
2.283472222222222
2.25875
2.1241666666666665
2.587361111111111
2.2779166666666666
2.2176388888888887
2.13625
2.1213888888888888
2.2151388888888888
1.9693055555555556
1.9533333333333334
2.0677777777777777
2.3425
2.1309722222222223
1.9758333333333333
1.8347222222222221
2.03125
1.9806944444444445
1.8240277777777778
1.7808333333333333
1.8633333333333333
1.8266666666666667
1.715138888888889
1.9554166666666666
1.775
1.7226388888888888
1.795
1.8041666666666667
1.86875
1.87625
1.81875
1.81625
1.6888888888888889
1.7416666666666667
1.6822222222222223
1.4388888888888889
1.69375
1.6544444444444444
1.5498611111111111
1.7105555555555556
1.6633333333333333
1.7806944444444444
1.48
