-20861.0
-25643.0
-26246.0
-27652.0
-26630.0
-23809.0
-17699.0
-22938.0
-23819.0
-25653.0
-20270.0
-19866.0
-19222.0
-17748.0
-19624.0
-17897.0
-17377.0
-17307.0
-18915.0
-16532.0
-13029.0
-15364.0
-21067.0
-16235.0
-14289.0
-12568.0
-13050.0
-19516.0
-12921.0
-11346.0
-12831.0
-11233.0
-11099.0
-14149.0
-14078.0
-11849.0
-11327.0
-11185.0
-10903.0
-9763.0
-11261.0
-11351.0
-11315.0
-9707.0
-10725.0
-9277.0
-11607.0
-11515.0
-10061.0
-9590.0
-9301.0
-8592.0
-9063.0
-10691.0
-9241.0
-9349.0
-9595.0
-8008.0
-8336.0
-8066.0
-8985.0
-8156.0
-7322.0
-7586.0
-8621.0
-7542.0
-8746.0
-7170.0
-6322.0
-7648.0
-7828.0
-7167.0
-6892.0
-8099.0
-6438.0
-5812.0
-6767.0
-6467.0
-5628.0
-7694.0
-6594.0
-4760.0
-5603.0
-5711.0
-5715.0
-6322.0
-5466.0
-5440.0
-5062.0
-5469.0
-4522.0
-5152.0
-5350.0
-4423.0
-4624.0
-4989.0
-5473.0
-4716.0
-4764.0
-4245.0
