32037
36752
37832
38680
38082
34391
27607
32790
34317
37273
30538
29878
28506
27098
30327
28221
26396
27257
28821
25671
22307
25212
33604
26061
23571
20980
22585
29598
21781
19999
21671
19917
20166
23063
23704
21330
20560
20240
19347
19281
20100
20390
20255
18468
18991
17682
20936
20007
18498
17876
17869
16564
17492
19475
18391
17437
18650
16328
16812
15919
18598
16166
15259
15031
16261
15207
16381
15177
14663
15808
15593
14483
14634
16270
13547
13269
14367
13749
12995
15396
15908
11326
12105
13678
13437
14326
13382
13197
13240
12672
11694
12760
11950
11993
11834
12129
12931
11990
13544
10824
