4.449583333333333
5.104444444444445
5.254444444444444
5.372222222222222
5.289166666666667
4.776527777777778
3.8343055555555554
4.554166666666666
4.76625
5.176805555555555
4.241388888888889
4.1497222222222225
3.9591666666666665
3.763611111111111
4.212083333333333
3.919583333333333
3.6661111111111113
3.7856944444444443
4.002916666666667
3.5654166666666667
3.0981944444444443
3.5016666666666665
4.667222222222223
3.6195833333333334
3.27375
2.9138888888888888
3.1368055555555556
4.110833333333333
3.025138888888889
2.7776388888888888
3.0098611111111113
2.76625
2.8008333333333333
3.2031944444444442
3.292222222222222
2.9625
2.8555555555555556
2.811111111111111
2.6870833333333333
2.6779166666666665
2.7916666666666665
2.8319444444444444
2.8131944444444446
2.565
2.637638888888889
2.4558333333333335
2.9077777777777776
2.77875
2.569166666666667
2.4827777777777778
2.4818055555555554
2.3005555555555555
2.4294444444444445
2.704861111111111
2.5543055555555556
2.4218055555555558
2.5902777777777777
2.267777777777778
2.335
2.2109722222222223
2.5830555555555557
2.245277777777778
2.1193055555555556
2.087638888888889
2.258472222222222
2.1120833333333335
2.275138888888889
2.1079166666666667
2.0365277777777777
2.1955555555555555
2.1656944444444446
2.011527777777778
2.0325
2.2597222222222224
1.8815277777777777
1.8429166666666668
1.9954166666666666
1.9095833333333334
1.804861111111111
2.138333333333333
2.2094444444444443
1.5730555555555557
1.68125
1.8997222222222223
1.86625
1.9897222222222222
1.8586111111111112
1.8329166666666667
1.8388888888888888
1.76
1.6241666666666668
1.7722222222222221
1.6597222222222223
1.6656944444444444
1.6436111111111111
1.6845833333333333
1.7959722222222223
1.6652777777777779
1.8811111111111112
1.5033333333333334
