-38499.0
-47635.0
-42851.0
-42149.0
-43071.0
-50088.0
-71010.0
-41198.0
-39016.0
-36151.0
-30163.0
-38825.0
-38657.0
-45289.0
-33268.0
-37094.0
-26259.0
-35153.0
-33304.0
-26814.0
-27763.0
-33393.0
-23000.0
-24371.0
-25583.0
-23678.0
-21060.0
-23682.0
-22447.0
-30865.0
-20906.0
-20948.0
-26579.0
-23841.0
-17554.0
-22722.0
-16532.0
-22891.0
-18104.0
-15554.0
-16236.0
-19206.0
-18906.0
-19558.0
-17212.0
-18345.0
-15321.0
-14622.0
-16361.0
-14044.0
-12800.0
-14695.0
-14707.0
-15716.0
-15920.0
-13409.0
-11864.0
-15901.0
-10179.0
-12178.0
-11236.0
-12140.0
-11285.0
-12418.0
-9703.0
-10885.0
-8665.0
-12272.0
-8248.0
-9478.0
-10455.0
-9771.0
-8104.0
-8154.0
-12262.0
-7949.0
-8366.0
-10134.0
-7804.0
-6962.0
-5843.0
-5810.0
-6736.0
-7319.0
-9336.0
-6297.0
-7705.0
-6311.0
-5443.0
-5840.0
-5623.0
-5552.0
-5995.0
-5579.0
-5538.0
-6106.0
-5458.0
-4935.0
-4702.0
-4603.0
