4.700277777777778
5.026805555555556
4.874722222222222
4.819305555555555
4.760694444444445
5.410138888888889
7.308194444444444
4.618333333333333
4.570555555555556
4.257361111111111
3.8006944444444444
4.4752777777777775
4.445833333333334
4.8213888888888885
4.175277777777778
4.350833333333333
3.4765277777777777
4.225138888888889
3.96875
3.49125
3.5209722222222224
4.019166666666667
3.280972222222222
3.43875
3.3741666666666665
3.243888888888889
3.003888888888889
3.2779166666666666
3.15875
3.8281944444444442
3.0319444444444446
3.0706944444444444
3.4118055555555555
3.2040277777777777
2.821111111111111
3.32375
2.721111111111111
3.0905555555555555
2.7943055555555554
2.6718055555555558
2.687638888888889
2.8472222222222223
2.889861111111111
3.067222222222222
2.6754166666666666
2.892361111111111
2.5555555555555554
2.4555555555555557
2.6105555555555555
2.4370833333333333
2.328333333333333
2.399583333333333
2.48625
2.6326388888888888
2.7516666666666665
2.2975
2.410416666666667
2.524722222222222
2.211388888888889
2.245138888888889
2.308611111111111
2.3405555555555555
2.169027777777778
2.167222222222222
2.0677777777777777
2.0948611111111113
1.9326388888888888
2.292638888888889
1.9325
1.9919444444444445
2.1970833333333335
1.93625
1.9595833333333332
1.9422222222222223
2.193611111111111
1.8836111111111111
1.9066666666666667
1.9170833333333333
1.8598611111111112
1.7361111111111112
1.851388888888889
1.6713888888888888
1.6644444444444444
1.7918055555555557
2.0636111111111113
1.7483333333333333
1.8668055555555556
1.8304166666666666
1.70375
1.6819444444444445
1.6611111111111112
1.6669444444444443
1.6259722222222222
1.6861111111111111
1.6086111111111112
1.7077777777777778
1.7233333333333334
1.6681944444444445
1.6745833333333333
1.541388888888889
