33842
36193
35098
34699
34277
38953
52619
33252
32908
30653
27365
32222
32010
34714
30062
31326
25031
30421
28575
25137
25351
28938
23623
24759
24294
23356
21628
23601
22743
27563
21830
22109
24565
23069
20312
23931
19592
22252
20119
19237
19351
20500
20807
22084
19263
20825
18400
17680
18796
17547
16764
17277
17901
18955
19812
16542
17355
18178
15922
16165
16622
16852
15617
15604
14888
15083
13915
16507
13914
14342
15819
13941
14109
13984
15794
13562
13728
13803
13391
12500
13330
12034
11984
12901
14858
12588
13441
13179
12267
12110
11960
12002
11707
12140
11582
12296
12408
12011
12057
11098
