-36643.0
-53171.0
-44505.0
-50197.0
-42605.0
-32932.0
-37348.0
-40907.0
-37578.0
-36467.0
-41757.0
-31194.0
-35253.0
-33542.0
-30644.0
-27768.0
-22175.0
-39742.0
-30488.0
-23230.0
-24858.0
-29834.0
-36100.0
-21505.0
-22372.0
-25535.0
-26238.0
-24976.0
-32258.0
-27210.0
-20658.0
-20612.0
-22921.0
-17155.0
-23616.0
-24755.0
-17613.0
-16592.0
-18376.0
-15423.0
-19845.0
-16388.0
-16651.0
-14731.0
-15403.0
-15465.0
-15257.0
-12485.0
-11674.0
-15220.0
-15228.0
-11058.0
-12946.0
-16182.0
-8975.0
-12300.0
-11741.0
-12687.0
-13022.0
-11459.0
-9941.0
-11992.0
-10474.0
-9128.0
-12215.0
-8967.0
-9899.0
-8694.0
-10765.0
-9750.0
-8004.0
-9246.0
-8409.0
-8998.0
-8333.0
-5630.0
-7779.0
-7818.0
-6905.0
-7397.0
-6125.0
-7888.0
-5841.0
-5581.0
-7065.0
-6664.0
-6082.0
-6576.0
-6278.0
-5120.0
-5417.0
-6875.0
-4619.0
-5062.0
-5210.0
-4800.0
-5944.0
-5243.0
-4981.0
-5458.0
