32594
40934
36229
38382
33801
28704
31816
33915
31525
30617
34670
27348
29673
28457
28107
26230
23738
32956
28277
22918
24166
27173
32078
21754
23288
25004
24198
24128
28268
24666
21259
20757
21547
18670
23865
24674
19988
18604
20016
18790
20769
19017
19492
18322
17984
18484
18808
16929
16657
18250
17958
15403
16970
19106
16135
16159
17533
16620
17582
16558
14835
17002
15655
14229
16081
14544
15604
13220
14844
15139
13825
13784
13804
14473
13828
12354
13432
13167
13179
13452
13195
13212
11883
12294
12976
13227
12941
12877
12666
11591
11976
13468
10964
11784
11912
11192
12647
12292
11605
11527
