4.526944444444444
5.685277777777777
5.031805555555556
5.3308333333333335
4.694583333333333
3.986666666666667
4.418888888888889
4.710416666666666
4.378472222222222
4.252361111111111
4.815277777777778
3.7983333333333333
4.12125
3.952361111111111
3.90375
3.6430555555555557
3.2969444444444442
4.577222222222222
3.9273611111111113
3.1830555555555557
3.356388888888889
3.774027777777778
4.455277777777778
3.0213888888888887
3.2344444444444442
3.472777777777778
3.3608333333333333
3.351111111111111
3.926111111111111
3.4258333333333333
2.952638888888889
2.8829166666666666
2.992638888888889
2.5930555555555554
3.314583333333333
3.4269444444444446
2.776111111111111
2.5838888888888887
2.78
2.609722222222222
2.8845833333333335
2.64125
2.707222222222222
2.544722222222222
2.497777777777778
2.567222222222222
2.612222222222222
2.35125
2.3134722222222224
2.5347222222222223
2.4941666666666666
2.1393055555555556
2.3569444444444443
2.653611111111111
2.240972222222222
2.2443055555555556
2.435138888888889
2.308333333333333
2.4419444444444443
2.299722222222222
2.060416666666667
2.361388888888889
2.1743055555555557
1.97625
2.2334722222222223
2.02
2.167222222222222
1.836111111111111
2.0616666666666665
2.102638888888889
1.9201388888888888
1.9144444444444444
1.9172222222222222
2.0101388888888887
1.9205555555555556
1.7158333333333333
1.8655555555555556
1.82875
1.8304166666666666
1.8683333333333334
1.832638888888889
1.835
1.6504166666666666
1.7075
1.8022222222222222
1.8370833333333334
1.7973611111111112
1.7884722222222222
1.7591666666666668
1.6098611111111112
1.6633333333333333
1.8705555555555555
1.5227777777777778
1.6366666666666667
1.6544444444444444
1.5544444444444445
1.7565277777777777
1.7072222222222222
1.6118055555555555
1.6009722222222222
