31907
37140
46507
37768
36803
34891
30784
30522
36571
29734
32090
29099
26366
34037
28250
26552
25588
25253
26150
23236
24199
24947
21650
27054
23005
22148
22690
22695
22248
19438
19287
19427
21320
25103
22964
23330
21176
19877
21424
21275
19720
18628
16882
19840
17784
17662
17428
17090
18314
17337
18938
15792
17283
17188
16718
15746
16769
15491
16726
16136
16809
16200
14100
14560
14345
15633
14809
13708
13983
16400
15004
14390
14802
14477
13505
12968
13182
14190
13398
13653
13562
12169
11978
12423
12577
13334
13155
12752
13305
11728
11285
11917
11215
11196
11656
10850
11585
12630
12204
12189
