-67704.0
-85468.0
-119123.0
-90670.0
-93708.0
-82083.0
-65600.0
-71120.0
-86369.0
-65698.0
-72870.0
-65073.0
-56448.0
-77953.0
-54910.0
-52794.0
-48603.0
-50049.0
-50046.0
-42294.0
-42789.0
-46113.0
-33617.0
-52335.0
-39831.0
-42183.0
-41189.0
-41637.0
-35739.0
-30439.0
-30703.0
-31722.0
-36163.0
-50604.0
-37453.0
-38748.0
-34215.0
-31214.0
-41055.0
-30722.0
-30284.0
-27287.0
-20447.0
-29922.0
-25544.0
-24617.0
-22425.0
-23468.0
-25207.0
-24007.0
-30112.0
-18189.0
-22234.0
-19576.0
-18380.0
-19133.0
-17705.0
-18260.0
-20864.0
-18017.0
-18827.0
-17698.0
-14990.0
-15192.0
-14706.0
-17509.0
-16416.0
-12524.0
-12514.0
-18543.0
-15915.0
-15215.0
-16543.0
-12307.0
-10116.0
-11884.0
-9689.0
-15492.0
-10520.0
-11173.0
-9022.0
-10527.0
-8134.0
-8384.0
-9146.0
-8853.0
-7318.0
-7229.0
-8700.0
-6874.0
-6624.0
-6562.0
-7425.0
-4689.0
-6011.0
-5332.0
-5527.0
-6765.0
-4155.0
-5946.0
