4.431527777777778
5.158333333333333
6.459305555555556
5.245555555555556
5.111527777777778
4.845972222222223
4.275555555555556
4.239166666666667
5.079305555555556
4.129722222222222
4.456944444444445
4.041527777777778
3.6619444444444444
4.727361111111111
3.923611111111111
3.687777777777778
3.553888888888889
3.507361111111111
3.6319444444444446
3.227222222222222
3.3609722222222222
3.464861111111111
3.0069444444444446
3.7575
3.1951388888888888
3.076111111111111
3.151388888888889
3.152083333333333
3.09
2.6997222222222224
2.67875
2.6981944444444443
2.9611111111111112
3.486527777777778
3.1894444444444443
3.2402777777777776
2.9411111111111112
2.7606944444444443
2.9755555555555557
2.954861111111111
2.738888888888889
2.587222222222222
2.3447222222222224
2.7555555555555555
2.47
2.4530555555555558
2.4205555555555556
2.373611111111111
2.5436111111111113
2.4079166666666665
2.6302777777777777
2.1933333333333334
2.4004166666666666
2.3872222222222224
2.3219444444444446
2.1869444444444444
2.3290277777777777
2.151527777777778
2.3230555555555554
2.241111111111111
2.3345833333333332
2.25
1.9583333333333333
2.022222222222222
1.992361111111111
2.17125
2.0568055555555556
1.903888888888889
1.9420833333333334
2.2777777777777777
2.0838888888888887
1.9986111111111111
2.055833333333333
2.0106944444444443
1.8756944444444446
1.801111111111111
1.8308333333333333
1.9708333333333334
1.8608333333333333
1.89625
1.8836111111111111
1.6901388888888889
1.6636111111111112
1.7254166666666666
1.7468055555555555
1.8519444444444444
1.8270833333333334
1.771111111111111
1.8479166666666667
1.6288888888888888
1.5673611111111112
1.655138888888889
1.5576388888888888
1.555
1.6188888888888888
1.5069444444444444
1.6090277777777777
1.7541666666666667
1.695
1.6929166666666666
