4.6809722222222225
4.993333333333333
4.98375
4.492638888888889
4.476805555555556
4.400555555555556
4.356805555555556
3.9079166666666665
5.062777777777778
4.334444444444444
4.106527777777778
4.629722222222222
3.6456944444444446
4.509166666666666
3.848888888888889
3.8402777777777777
4.162222222222222
3.721388888888889
3.775
3.4530555555555558
3.85375
3.328611111111111
3.318611111111111
3.65875
3.4408333333333334
3.3043055555555556
3.149861111111111
3.40625
3.1769444444444446
2.977638888888889
2.96125
3.383611111111111
2.8405555555555555
2.774861111111111
2.8066666666666666
3.149027777777778
3.1795833333333334
2.8241666666666667
2.6181944444444443
3.1879166666666667
2.9616666666666664
2.7198611111111113
2.879027777777778
2.9029166666666666
2.6679166666666667
2.7269444444444444
2.618472222222222
2.671111111111111
2.5981944444444443
2.5016666666666665
2.401388888888889
2.597638888888889
2.7456944444444447
2.432638888888889
2.6783333333333332
2.44125
2.3447222222222224
2.4008333333333334
2.434861111111111
2.272361111111111
2.622916666666667
2.244861111111111
2.313888888888889
2.0502777777777776
2.1461111111111113
2.328611111111111
2.2983333333333333
2.2469444444444444
2.089583333333333
2.1461111111111113
2.105277777777778
1.9845833333333334
2.061111111111111
2.140277777777778
1.8002777777777779
1.9322222222222223
1.8672222222222221
1.9740277777777777
1.7815277777777778
1.7816666666666667
2.084722222222222
1.9322222222222223
1.78125
1.8019444444444443
1.7951388888888888
2.07625
1.9247222222222222
1.9569444444444444
2.0588888888888888
1.8284722222222223
1.7208333333333334
1.76375
1.6397222222222223
1.787638888888889
1.6648611111111111
1.5163888888888888
1.7770833333333333
1.7981944444444444
1.7881944444444444
1.6490277777777778
