33703
35952
35883
32347
32233
31684
31369
28137
36452
31208
29567
33334
26249
32466
27712
27650
29968
26794
27180
24862
27747
23966
23894
26343
24774
23791
22679
24525
22874
21439
21321
24362
20452
19979
20208
22673
22893
20334
18851
22953
21324
19583
20729
20901
19209
19634
18853
19232
18707
18012
17290
18703
19769
17515
19284
17577
16882
17286
17531
16361
18885
16163
16660
14762
15452
16766
16548
16178
15045
15452
15158
14289
14840
15410
12962
13912
13444
14213
12827
12828
15010
13912
12825
12974
12925
14949
13858
14090
14824
13165
12390
12699
11806
12871
11987
10918
12795
12947
12875
11873
