-22260.0
-24861.0
-24668.0
-21457.0
-21892.0
-20933.0
-21077.0
-18462.0
-25719.0
-21279.0
-19470.0
-22947.0
-16917.0
-21861.0
-16798.0
-17588.0
-19377.0
-17300.0
-17187.0
-15780.0
-17604.0
-14823.0
-13658.0
-17061.0
-15489.0
-13725.0
-13472.0
-14525.0
-13412.0
-12219.0
-12194.0
-14766.0
-12266.0
-11480.0
-11593.0
-12390.0
-13219.0
-11928.0
-10291.0
-12890.0
-12307.0
-10882.0
-11645.0
-11984.0
-10684.0
-10885.0
-9553.0
-10874.0
-9748.0
-10020.0
-8834.0
-10257.0
-11796.0
-9116.0
-9956.0
-9736.0
-8129.0
-8775.0
-9025.0
-8240.0
-8842.0
-8199.0
-8794.0
-7230.0
-7161.0
-8052.0
-8386.0
-8340.0
-7465.0
-7432.0
-7267.0
-7008.0
-6659.0
-6757.0
-5804.0
-7024.0
-6146.0
-6577.0
-5300.0
-5864.0
-6136.0
-6713.0
-5868.0
-5679.0
-5620.0
-5908.0
-5444.0
-5726.0
-6284.0
-5815.0
-5080.0
-4984.0
-4988.0
-4906.0
-5047.0
-4644.0
-5132.0
-5568.0
-5147.0
-4509.0
