-34330.999999999985
-25208.33333333332
-36347.000000000015
-26851.000000000007
-29529.66666666666
-35208.999999999985
-28654.66666666667
-21108.333333333343
-29075.333333333332
-27278.0
-29925.999999999996
-25897.33333333332
-23433.66666666666
-26880.66666666667
-22039.333333333343
-18346.999999999996
-27829.666666666664
-22287.666666666668
-16182.000000000002
-19301.66666666667
-19368.333333333325
-19830.0
-17580.333333333336
-22315.66666666666
-19196.333333333332
-15486.666666666666
-23436.33333333333
-21836.0
-15641.666666666662
-21352.666666666668
-12970.333333333332
-17657.000000000004
-13644.0
-18456.33333333334
-13806.000000000004
-14599.999999999998
-14998.000000000004
-14878.0
-13499.33333333333
-16000.0
-14393.333333333334
-14745.000000000005
-13449.333333333328
-13823.333333333334
-12999.666666666664
-14334.333333333336
-9021.333333333334
-12995.666666666664
-10293.666666666666
-10116.999999999998
-12949.666666666672
-9986.999999999998
-8489.666666666664
-10829.333333333338
-11188.66666666667
-8610.666666666664
-9615.333333333336
-10325.666666666666
-9880.666666666666
-9006.0
-8650.33333333333
-9899.666666666666
-11560.0
-9638.000000000004
-9184.333333333336
-8711.333333333334
-7675.0
-7063.000000000003
-8642.33333333333
-8331.666666666668
-8747.666666666668
-8054.333333333334
-8830.000000000002
-6248.333333333332
-6869.0
-8394.333333333336
-8058.666666666667
-6551.999999999999
-6876.000000000001
-6825.333333333333
-5902.333333333333
-6193.666666666668
-6628.333333333334
-6551.333333333333
-6249.333333333333
-5203.0
-5540.333333333333
-6962.0
-6878.333333333333
-6417.666666666668
-6552.333333333332
-6252.333333333333
-5118.0
-4782.666666666667
-5517.0
-5146.333333333333
-5489.333333333333
-4604.333333333334
-5349.666666666667
-4306.333333333334
