5.5784722222222225
4.1786111111111115
5.7125
4.480416666666667
4.79375
5.2723611111111115
4.659305555555555
3.7736111111111112
4.665
4.473333333333334
4.771805555555556
4.28125
4.072777777777778
4.360555555555556
3.957222222222222
3.4018055555555557
4.479583333333333
3.8069444444444445
3.1526388888888888
3.46375
3.547222222222222
3.5365277777777777
3.4495833333333334
3.810138888888889
3.4473611111111113
3.0968055555555556
3.9519444444444445
3.8820833333333336
3.02625
3.767361111111111
2.7204166666666665
3.3130555555555556
2.8144444444444443
3.408611111111111
2.8655555555555554
3.171111111111111
2.9784722222222224
2.8945833333333333
2.7444444444444445
3.1934722222222223
2.850972222222222
2.932361111111111
2.8466666666666667
2.8116666666666665
2.669722222222222
2.908888888888889
2.261388888888889
2.664722222222222
2.358888888888889
2.338888888888889
2.7198611111111113
2.2708333333333335
2.089166666666667
2.4965277777777777
2.7043055555555555
2.1265277777777776
2.5169444444444444
2.3206944444444444
2.3331944444444446
2.310277777777778
2.2880555555555557
2.39375
2.385972222222222
2.2781944444444444
2.136388888888889
2.211527777777778
1.9568055555555555
1.8984722222222221
2.183333333333333
2.13375
2.23
2.013888888888889
2.172361111111111
1.9011111111111112
1.8466666666666667
2.0209722222222224
1.981111111111111
1.8801388888888888
1.88625
1.8758333333333332
1.9247222222222222
1.6780555555555556
1.7781944444444444
1.826111111111111
1.9005555555555556
1.7970833333333334
1.8680555555555556
1.968611111111111
2.0502777777777776
1.8055555555555556
1.9329166666666666
1.8122222222222222
1.6219444444444444
1.6968055555555555
1.6476388888888889
1.5697222222222222
1.7402777777777778
1.6401388888888888
1.811388888888889
1.4804166666666667
