40165
30086
41130
32259
34515
37961
33547
27170
33588
32208
34357
30825
29324
31396
28492
24493
32253
27410
22699
24939
25540
25463
24837
27433
24821
22297
28454
27951
21789
27125
19587
23854
20264
24542
20632
22832
21445
20841
19760
22993
20527
21113
20496
20244
19222
20944
16282
19186
16984
16840
19583
16350
15042
17975
19471
15311
18122
16709
16799
16634
16474
17235
17179
16403
15382
15923
14089
13669
15720
15363
16056
14500
15641
13688
13296
14551
14264
13537
13581
13506
13858
12082
12803
13148
13684
12939
13450
14174
14762
13000
13917
13048
11678
12217
11863
11302
12530
11809
13042
10659
