35541
35872
39742
32557
29181
32250
53040
33328
40839
32128
29254
31763
28069
33533
35875
28796
25518
25486
27983
23965
25715
25480
26372
21092
24066
24651
20057
22472
24535
21522
22295
21611
21413
21759
21831
20740
22496
19052
20395
21170
20625
18336
19910
17226
19247
15177
20998
19563
17404
18034
16847
16317
17553
18124
18344
16135
17466
16234
16286
16289
18581
16327
13601
15783
15206
15699
15967
13336
13593
17101
15229
13330
14897
14355
13123
12690
13938
13285
13387
13765
15139
12187
13003
13194
13399
12741
13468
12945
13100
12437
13326
13309
11235
12395
11549
10501
11680
11384
12445
10140
