4.93625
4.982222222222222
5.519722222222223
4.521805555555556
4.0529166666666665
4.479166666666667
7.366666666666666
4.628888888888889
5.672083333333333
4.4622222222222225
4.063055555555556
4.411527777777778
3.8984722222222223
4.657361111111111
4.982638888888889
3.9994444444444444
3.5441666666666665
3.539722222222222
3.886527777777778
3.328472222222222
3.571527777777778
3.5388888888888888
3.662777777777778
2.9294444444444445
3.3425
3.42375
2.7856944444444443
3.121111111111111
3.407638888888889
2.9891666666666667
3.0965277777777778
3.0015277777777776
2.9740277777777777
3.0220833333333332
3.0320833333333335
2.8805555555555555
3.1244444444444444
2.6461111111111113
2.832638888888889
2.9402777777777778
2.8645833333333335
2.546666666666667
2.765277777777778
2.3925
2.6731944444444444
2.1079166666666667
2.9163888888888887
2.7170833333333335
2.417222222222222
2.504722222222222
2.339861111111111
2.26625
2.4379166666666667
2.5172222222222222
2.5477777777777777
2.240972222222222
2.4258333333333333
2.254722222222222
2.2619444444444445
2.2623611111111113
2.5806944444444446
2.267638888888889
1.8890277777777778
2.192083333333333
2.1119444444444446
2.1804166666666664
2.2176388888888887
1.8522222222222222
1.8879166666666667
2.375138888888889
2.1151388888888887
1.851388888888889
2.069027777777778
1.99375
1.822638888888889
1.7625
1.9358333333333333
1.8451388888888889
1.8593055555555555
1.9118055555555555
2.102638888888889
1.6926388888888888
1.8059722222222223
1.8325
1.8609722222222222
1.7695833333333333
1.8705555555555555
1.7979166666666666
1.8194444444444444
1.7273611111111111
1.8508333333333333
1.8484722222222223
1.5604166666666666
1.7215277777777778
1.6040277777777778
1.4584722222222222
1.6222222222222222
1.5811111111111111
1.7284722222222222
1.4083333333333334
