-192611.0
-198858.0
-233239.0
-178613.0
-145405.0
-178771.0
-345226.0
-171021.0
-248857.0
-180560.0
-149888.0
-187353.0
-147290.0
-188387.0
-189540.0
-154914.0
-114634.0
-120428.0
-138608.0
-103621.0
-112015.0
-106737.0
-110212.0
-76941.0
-103820.0
-104308.0
-76015.0
-90747.0
-113902.0
-76839.0
-89889.0
-72813.0
-87739.0
-87590.0
-84600.0
-72947.0
-88614.0
-62532.0
-66780.0
-67218.0
-71757.0
-56443.0
-71121.0
-45618.0
-63085.0
-33029.0
-76347.0
-63148.0
-46999.0
-48543.0
-39741.0
-40032.0
-42762.0
-46671.0
-50727.0
-40948.0
-47885.0
-42612.0
-41351.0
-35555.0
-56146.0
-40998.0
-30558.0
-35088.0
-29082.0
-32194.0
-32821.0
-21004.0
-24322.0
-41089.0
-31709.0
-25037.0
-28486.0
-24560.0
-21021.0
-16594.0
-20575.0
-15884.0
-18705.0
-17369.0
-22520.0
-14948.0
-17951.0
-15168.0
-19980.0
-16161.0
-21256.0
-13912.0
-13058.0
-12231.0
-13405.0
-13632.0
-8391.0
-7167.0
-9956.0
-4670.0
-9482.0
-6214.0
-4119.0
-5617.0
