-29121.666666666675
-29614.666666666664
-31917.0
-25394.00000000001
-35830.33333333332
-38984.66666666667
-27838.666666666657
-29837.000000000007
-25739.333333333336
-27389.999999999993
-27984.666666666657
-25945.333333333336
-26053.000000000007
-24449.333333333325
-34414.00000000001
-33168.66666666665
-20648.666666666664
-21378.333333333336
-22649.00000000001
-23438.666666666653
-18540.66666666666
-18301.666666666664
-20094.33333333333
-16079.66666666667
-19036.66666666667
-15766.000000000002
-18137.666666666657
-17171.666666666668
-17456.666666666668
-16131.333333333336
-15093.0
-15545.666666666666
-14491.33333333334
-17412.66666666667
-14861.666666666668
-15818.666666666664
-13456.333333333332
-13985.333333333334
-16721.66666666667
-15573.333333333332
-11971.66666666667
-12742.66666666667
-11917.333333333336
-12989.666666666666
-12466.333333333332
-12671.333333333338
-12407.666666666664
-11282.666666666666
-12040.333333333332
-12049.333333333334
-10944.666666666666
-10780.0
-11132.000000000002
-14037.000000000002
-10783.999999999998
-10234.000000000002
-9792.666666666662
-10169.666666666664
-10309.333333333334
-8912.333333333334
-9047.999999999998
-10011.666666666668
-8152.000000000002
-8989.999999999998
-7557.333333333332
-9160.333333333332
-7682.666666666667
-7662.333333333334
-9969.000000000004
-8722.000000000002
-6967.333333333335
-8044.999999999999
-7492.000000000002
-7401.666666666666
-7890.000000000002
-8647.666666666668
-6705.666666666667
-5901.333333333333
-7578.666666666667
-6414.666666666665
-5388.000000000001
-6143.666666666667
-5735.666666666667
-6102.0
-6362.333333333333
-5161.333333333333
-6372.000000000001
-5554.666666666666
-6441.666666666667
-5185.333333333332
-5571.000000000001
-5325.999999999998
-5937.333333333334
-5497.666666666667
-5514.333333333333
-4847.333333333333
-5251.0
-4973.999999999999
-4893.333333333333
-4841.333333333333
