4.822222222222222
4.728055555555556
5.0925
4.231805555555556
5.418333333333333
5.86
4.560138888888889
4.700694444444444
4.304722222222222
4.46125
4.5697222222222225
4.228472222222222
4.307222222222222
4.113194444444445
5.341944444444445
5.466805555555555
3.6729166666666666
3.91125
3.901527777777778
4.041111111111111
3.4429166666666666
3.3629166666666666
3.6956944444444444
3.124861111111111
3.466111111111111
3.145277777777778
3.3491666666666666
3.325833333333333
3.107083333333333
3.0619444444444444
2.9766666666666666
3.0
2.93125
3.254583333333333
2.99125
3.1326388888888888
2.7929166666666667
2.7543055555555553
3.222916666666667
3.1551388888888887
2.6294444444444443
2.5836111111111113
2.5522222222222224
2.636527777777778
2.6126388888888887
2.777083333333333
2.7116666666666664
2.4297222222222223
2.5501388888888887
2.5293055555555557
2.44625
2.3891666666666667
2.509027777777778
2.887638888888889
2.5908333333333333
2.2223611111111112
2.426111111111111
2.3430555555555554
2.3809722222222223
2.2869444444444444
2.3225
2.3654166666666665
2.0727777777777776
2.178472222222222
1.97375
2.300972222222222
2.098611111111111
1.93625
2.31
2.2108333333333334
1.9656944444444444
1.9902777777777778
1.9766666666666666
2.006111111111111
2.0166666666666666
2.161111111111111
1.8970833333333332
1.7719444444444445
2.0380555555555557
1.8516666666666666
1.8430555555555554
1.6897222222222221
1.6695833333333334
1.7833333333333334
1.8025
1.7144444444444444
1.9945833333333334
1.7969444444444445
1.9306944444444445
1.6701388888888888
1.6972222222222222
1.6983333333333333
1.6748611111111111
1.8493055555555555
1.6940277777777777
1.552638888888889
1.7040277777777777
1.71375
1.75375
1.4872222222222222
