34720
34042
36666
30469
39012
42192
32833
33845
30994
32121
32902
30445
31012
29615
38462
39361
26445
28161
28091
29096
24789
24213
26609
22499
24956
22646
24114
23946
22371
22046
21432
21600
21105
23433
21537
22555
20109
19831
23205
22717
18932
18602
18376
18983
18811
19995
19524
17494
18361
18211
17613
17202
18065
20791
18654
16001
17468
16870
17143
16466
16722
17031
14924
15685
14211
16567
15110
13941
16632
15918
14153
14330
14232
14444
14520
15560
13659
12758
14674
13332
13270
12166
12021
12840
12978
12344
14361
12938
13901
12025
12220
12228
12059
13315
12197
11179
12269
12339
12627
10708
