-35008.333333333314
-37364.66666666666
-30232.33333333333
-32090.00000000001
-26269.333333333343
-30196.333333333336
-23725.00000000001
-30283.00000000002
-29074.33333333334
-21075.333333333343
-26556.999999999993
-24936.0
-30765.66666666667
-22178.0
-20348.333333333343
-24410.333333333336
-19300.0
-26641.333333333332
-19752.999999999996
-19261.666666666668
-18370.666666666668
-23382.33333333334
-24311.33333333334
-21128.000000000007
-15667.666666666668
-18159.33333333334
-18175.666666666664
-16355.999999999993
-16505.666666666664
-18893.999999999993
-17833.333333333332
-15994.333333333332
-16090.999999999998
-14955.333333333336
-18853.99999999999
-15886.333333333327
-13246.999999999996
-14844.000000000002
-15043.999999999998
-12143.666666666666
-13324.666666666664
-12469.333333333334
-13888.999999999998
-14057.666666666664
-10803.0
-11516.333333333334
-11480.666666666664
-10813.333333333336
-10949.33333333333
-9650.333333333334
-11374.666666666666
-12728.666666666666
-8896.666666666668
-11523.666666666666
-10384.000000000002
-8361.666666666668
-10618.0
-11100.66666666667
-9826.000000000002
-9711.333333333334
-10175.333333333332
-9606.333333333328
-9368.000000000002
-7233.333333333335
-9599.333333333332
-7721.000000000002
-8911.333333333332
-7870.999999999999
-8937.666666666668
-8980.333333333336
-7440.000000000001
-7739.666666666668
-7845.333333333331
-7014.999999999999
-7752.000000000002
-6361.333333333334
-6247.0
-6798.0
-7005.666666666666
-6985.0
-6256.000000000001
-6034.000000000001
-5397.999999999999
-6667.0
-4937.0
-6377.000000000001
-5687.000000000002
-6050.333333333334
-6763.666666666666
-6612.000000000001
-6055.666666666667
-6125.0
-5612.666666666667
-4381.333333333333
-5239.333333333333
-4424.666666666666
-5430.333333333334
-5802.0
-4882.0
-4309.333333333333
