38867
40832
35517
36734
30687
35078
30017
35393
34066
26733
30790
30527
34512
27461
26693
29406
25012
31930
25817
24355
23655
28981
30106
25923
21417
23868
23998
23317
23223
24957
23747
22490
22276
21381
25023
23421
20511
20910
21574
18982
19576
19042
20452
20820
17198
18378
18342
17905
17493
16190
18397
19191
15552
18461
18589
15261
17603
17271
16648
17091
17971
16466
15922
13867
16705
14723
15614
14699
15730
15693
14966
15054
14739
14864
14070
12764
12836
13633
14032
14068
14535
12407
12366
13032
12445
13880
13186
12924
13701
13089
13023
12956
11794
11330
11671
10618
12333
13178
12623
10583
