5.398194444444444
5.671111111111111
4.932916666666666
5.101944444444444
4.262083333333333
4.871944444444445
4.169027777777778
4.915694444444444
4.731388888888889
3.7129166666666666
4.276388888888889
4.239861111111111
4.793333333333333
3.8140277777777776
3.707361111111111
4.0841666666666665
3.473888888888889
4.434722222222222
3.5856944444444445
3.3826388888888888
3.285416666666667
4.025138888888889
4.181388888888889
3.600416666666667
2.9745833333333334
3.315
3.3330555555555557
3.238472222222222
3.225416666666667
3.46625
3.2981944444444444
3.123611111111111
3.093888888888889
2.9695833333333335
3.475416666666667
3.2529166666666667
2.84875
2.904166666666667
2.9963888888888888
2.636388888888889
2.718888888888889
2.644722222222222
2.8405555555555555
2.8916666666666666
2.388611111111111
2.5525
2.5475
2.4868055555555557
2.4295833333333334
2.248611111111111
2.555138888888889
2.6654166666666668
2.16
2.5640277777777776
2.5818055555555555
2.1195833333333334
2.444861111111111
2.39875
2.312222222222222
2.37375
2.495972222222222
2.2869444444444444
2.211388888888889
1.9259722222222222
2.3201388888888888
2.044861111111111
2.1686111111111113
2.0415277777777776
2.1847222222222222
2.1795833333333334
2.078611111111111
2.0908333333333333
2.047083333333333
2.0644444444444443
1.9541666666666666
1.7727777777777778
1.7827777777777778
1.8934722222222222
1.948888888888889
1.9538888888888888
2.01875
1.7231944444444445
1.7175
1.81
1.7284722222222222
1.9277777777777778
1.831388888888889
1.795
1.9029166666666666
1.8179166666666666
1.80875
1.7994444444444444
1.6380555555555556
1.573611111111111
1.6209722222222223
1.4747222222222223
1.7129166666666666
1.8302777777777777
1.7531944444444445
1.469861111111111
