40119
40017
43321
31013
42960
49008
30956
29040
30155
28397
41371
30496
28794
30456
33629
24530
27492
27609
25382
23409
28564
26320
25022
21909
25219
27104
23506
23645
25328
23422
26091
19745
22950
19702
22453
23572
26531
22269
19731
19391
20012
20283
23600
21106
19628
18929
19455
16725
18900
16053
16382
16186
18602
16771
19428
14668
15624
16294
15850
15852
17049
17087
14948
15831
13328
14867
16250
15632
13460
14365
14927
14225
13830
13760
12420
13297
13467
13240
12211
13231
14280
12108
12971
12800
13087
13461
13676
13505
14288
13028
11784
11959
11953
13047
12501
11517
12773
12878
12515
10591
