5.5720833333333335
5.557916666666666
6.016805555555556
4.307361111111111
5.966666666666667
6.806666666666667
4.299444444444444
4.033333333333333
4.188194444444444
3.944027777777778
5.745972222222222
4.235555555555556
3.9991666666666665
4.23
4.670694444444444
3.4069444444444446
3.8183333333333334
3.8345833333333332
3.5252777777777777
3.25125
3.9672222222222224
3.6555555555555554
3.475277777777778
3.0429166666666667
3.502638888888889
3.7644444444444445
3.2647222222222223
3.2840277777777778
3.517777777777778
3.2530555555555556
3.62375
2.7423611111111112
3.1875
2.736388888888889
3.118472222222222
3.273888888888889
3.684861111111111
3.0929166666666665
2.7404166666666665
2.6931944444444444
2.7794444444444446
2.817083333333333
3.2777777777777777
2.931388888888889
2.726111111111111
2.629027777777778
2.7020833333333334
2.3229166666666665
2.625
2.2295833333333333
2.2752777777777777
2.2480555555555557
2.5836111111111113
2.3293055555555555
2.6983333333333333
2.0372222222222223
2.17
2.2630555555555554
2.201388888888889
2.2016666666666667
2.3679166666666664
2.3731944444444446
2.076111111111111
2.19875
1.8511111111111112
2.064861111111111
2.2569444444444446
2.171111111111111
1.8694444444444445
1.9951388888888888
2.0731944444444443
1.9756944444444444
1.9208333333333334
1.9111111111111112
1.725
1.8468055555555556
1.8704166666666666
1.8388888888888888
1.6959722222222222
1.8376388888888888
1.9833333333333334
1.6816666666666666
1.8015277777777778
1.7777777777777777
1.8176388888888888
1.8695833333333334
1.8994444444444445
1.8756944444444446
1.9844444444444445
1.8094444444444444
1.6366666666666667
1.6609722222222223
1.6601388888888888
1.8120833333333333
1.73625
1.5995833333333334
1.7740277777777778
1.7886111111111112
1.7381944444444444
1.4709722222222221
