-35337.33333333332
-37148.00000000001
-39467.33333333337
-26043.333333333336
-39169.99999999998
-45512.333333333336
-25012.999999999996
-23236.000000000004
-24075.999999999993
-23859.0
-36757.33333333335
-25415.666666666668
-23911.666666666664
-25385.999999999996
-26859.99999999999
-18292.0
-22416.999999999993
-21884.999999999996
-19590.666666666668
-16984.000000000004
-23778.333333333336
-20399.33333333334
-17526.33333333333
-15750.333333333336
-19429.0
-21431.333333333336
-17904.666666666668
-18169.999999999993
-19516.666666666668
-16290.999999999998
-20778.333333333336
-13638.666666666662
-18087.33333333333
-13592.333333333336
-16152.33333333334
-14921.333333333328
-20268.000000000004
-16888.0
-12751.666666666664
-12063.0
-13015.333333333336
-14418.66666666667
-18313.666666666664
-14671.666666666672
-13364.999999999998
-12700.33333333334
-13051.333333333334
-9909.0
-12612.666666666662
-9562.000000000002
-9950.666666666668
-9707.666666666666
-11898.333333333336
-9972.333333333336
-11903.000000000002
-7795.333333333334
-7933.333333333333
-9261.333333333334
-8462.666666666668
-9342.333333333334
-9190.0
-9711.0
-8129.999999999999
-9308.999999999998
-6707.666666666666
-8059.333333333332
-9687.333333333334
-9076.333333333332
-6539.999999999999
-7313.000000000002
-7291.333333333332
-7277.0
-6931.999999999999
-6858.333333333333
-5735.666666666666
-6523.0
-6001.666666666667
-6651.333333333332
-5585.333333333333
-6731.000000000001
-6548.666666666667
-5778.333333333334
-6386.333333333332
-5856.666666666667
-5886.666666666667
-5685.666666666666
-5819.999999999999
-6267.000000000002
-7123.666666666666
-6050.333333333334
-5252.333333333334
-4992.333333333334
-5448.666666666667
-5643.666666666666
-5371.0
-5081.333333333333
-6123.0
-5638.666666666666
-4320.666666666666
-3931.666666666666
