-104423.0
-83056.0
-99503.0
-82197.0
-75748.0
-90189.0
-53784.0
-81446.0
-64404.0
-51017.0
-71332.0
-65542.0
-61427.0
-60003.0
-63610.0
-54046.0
-57644.0
-50819.0
-45923.0
-61657.0
-48127.0
-48035.0
-49379.0
-45960.0
-43008.0
-37848.0
-36757.0
-38352.0
-47388.0
-43567.0
-34191.0
-38322.0
-34348.0
-34253.0
-39153.0
-28085.0
-28026.0
-36441.0
-29776.0
-35654.0
-27668.0
-36947.0
-25908.0
-30157.0
-23181.0
-28208.0
-27598.0
-21243.0
-34274.0
-24933.0
-22299.0
-16687.0
-22115.0
-25810.0
-13687.0
-22153.0
-21375.0
-18625.0
-22341.0
-20311.0
-17693.0
-15881.0
-15820.0
-15236.0
-14813.0
-14425.0
-14479.0
-14324.0
-11614.0
-17927.0
-13707.0
-16104.0
-14959.0
-13999.0
-11465.0
-11799.0
-12343.0
-10168.0
-12396.0
-9757.0
-10552.0
-9140.0
-8240.0
-16204.0
-11103.0
-8167.0
-6769.0
-8168.0
-6716.0
-10048.0
-8747.0
-6621.0
-6867.0
-5607.0
-4605.0
-5483.0
-5876.0
-4993.0
-3728.0
-4916.0
