40616
34052
41274
34730
32885
37500
26680
35760
29881
25433
31832
30372
28211
28695
30955
26857
27378
26575
25510
29599
25287
24883
25747
24180
22802
21219
20774
24133
24673
23095
20484
21737
21243
20629
22930
20291
19836
21539
20100
22154
18702
21475
19004
20574
17109
19493
19220
17531
21309
17639
17021
15611
17124
18747
15756
16944
17295
16694
17346
17452
16913
15476
14687
15231
15130
15557
15141
14065
13988
15263
15343
14678
14960
15233
13477
13847
14071
12359
13423
13298
14635
11608
12550
15128
13229
12692
12204
13842
12918
12808
13016
12407
12116
11231
11085
11331
12275
12209
11764
10766
