5.641111111111111
4.729444444444445
5.7325
4.823611111111111
4.567361111111111
5.208333333333333
3.7055555555555557
4.966666666666667
4.150138888888889
3.5323611111111113
4.421111111111111
4.218333333333334
3.9181944444444445
3.9854166666666666
4.299305555555556
3.730138888888889
3.8025
3.6909722222222223
3.5430555555555556
4.110972222222222
3.5120833333333334
3.455972222222222
3.575972222222222
3.3583333333333334
3.1669444444444443
2.9470833333333335
2.8852777777777776
3.3518055555555555
3.4268055555555557
3.207638888888889
2.845
3.0190277777777776
2.9504166666666665
2.8651388888888887
3.1847222222222222
2.8181944444444444
2.755
2.991527777777778
2.7916666666666665
3.0769444444444445
2.5975
2.982638888888889
2.6394444444444445
2.8575
2.37625
2.707361111111111
2.6694444444444443
2.434861111111111
2.9595833333333332
2.4498611111111113
2.364027777777778
2.1681944444444445
2.3783333333333334
2.60375
2.1883333333333335
2.3533333333333335
2.402083333333333
2.318611111111111
2.4091666666666667
2.423888888888889
2.3490277777777777
2.1494444444444443
2.039861111111111
2.1154166666666665
2.1013888888888888
2.1606944444444443
2.1029166666666668
1.9534722222222223
1.9427777777777777
2.119861111111111
2.1309722222222223
2.038611111111111
2.077777777777778
2.1156944444444443
1.8718055555555555
1.9231944444444444
1.9543055555555555
1.7165277777777779
1.8643055555555557
1.8469444444444445
2.032638888888889
1.6122222222222222
1.7430555555555556
2.101111111111111
1.837361111111111
1.7627777777777778
1.695
1.9225
1.7941666666666667
1.778888888888889
1.8077777777777777
1.7231944444444445
1.6827777777777777
1.5598611111111111
1.5395833333333333
1.57375
1.7048611111111112
1.6956944444444444
1.633888888888889
1.4952777777777777
