5.328333333333333
5.451527777777778
5.9875
4.262222222222222
5.185138888888889
5.523888888888889
4.536388888888889
4.402638888888889
4.430138888888889
4.3975
3.812638888888889
4.213472222222222
3.7777777777777777
4.098888888888889
4.090833333333333
4.3
3.9168055555555554
3.9345833333333333
4.055
3.6645833333333333
3.2743055555555554
3.8069444444444445
3.819722222222222
2.9804166666666667
3.7080555555555557
3.407638888888889
2.8629166666666666
3.2827777777777776
2.941666666666667
3.24875
3.1869444444444444
3.1320833333333336
2.7604166666666665
3.0683333333333334
2.7525
2.7344444444444442
2.7216666666666667
2.9590277777777776
2.7752777777777777
2.7055555555555557
2.535416666666667
2.827361111111111
2.7954166666666667
2.8136111111111113
2.5745833333333334
2.83
2.546388888888889
2.6147222222222224
2.722916666666667
2.5836111111111113
2.6425
2.3931944444444446
2.5570833333333334
2.6416666666666666
2.6390277777777778
2.22125
2.6593055555555556
2.150138888888889
2.54875
2.233611111111111
2.445972222222222
2.2543055555555553
2.4504166666666665
2.0918055555555557
2.213888888888889
2.183611111111111
2.2091666666666665
2.132222222222222
2.004722222222222
1.9991666666666668
2.3129166666666667
2.0634722222222224
2.1526388888888888
2.2263888888888888
2.1079166666666667
2.0211111111111113
1.9518055555555556
1.9816666666666667
2.0527777777777776
1.9752777777777777
2.0956944444444443
1.8936111111111111
1.8918055555555555
1.927638888888889
1.81375
2.017361111111111
1.8876388888888889
1.98625
1.8919444444444444
1.6683333333333332
1.8645833333333333
1.8730555555555555
1.6636111111111112
1.874861111111111
1.7793055555555555
1.6748611111111111
1.8695833333333334
1.7870833333333334
1.7977777777777777
1.487638888888889
