38364
39251
43110
30688
37333
39772
32662
31699
31897
31662
27451
30337
27200
29512
29454
30960
28201
28329
29196
26385
23575
27410
27502
21459
26698
24535
20613
23636
21180
23391
22946
22551
19875
22092
19818
19688
19596
21305
19982
19480
18255
20357
20127
20258
18537
20376
18334
18826
19605
18602
19026
17231
18411
19020
19001
15993
19147
15481
18351
16082
17611
16231
17643
15061
15940
15722
15906
15352
14434
14394
16653
14857
15499
16030
15177
14552
14053
14268
14780
14222
15089
13634
13621
13879
13059
14525
13591
14301
13622
12012
13425
13486
11978
13499
12811
12059
13461
12867
12944
10711
