-27342.0
-27165.0
-31115.0
-20644.0
-26354.0
-28831.0
-22117.0
-20929.0
-21193.0
-21859.0
-17396.0
-20230.0
-17842.0
-19497.0
-18437.0
-20764.0
-18036.0
-18027.0
-18884.0
-16580.0
-14246.0
-18232.0
-16017.0
-12411.0
-16938.0
-14564.0
-11957.0
-13516.0
-12368.0
-13978.0
-13271.0
-13236.0
-11430.0
-13352.0
-11277.0
-10182.0
-10232.0
-12757.0
-11606.0
-10058.0
-9806.0
-11914.0
-11327.0
-11501.0
-10264.0
-11256.0
-9881.0
-10236.0
-11242.0
-10126.0
-9962.0
-9354.0
-10051.0
-10160.0
-9581.0
-8003.0
-9891.0
-7869.0
-9899.0
-7541.0
-8411.0
-8453.0
-9163.0
-7449.0
-7382.0
-7248.0
-7283.0
-7643.0
-6854.0
-6859.0
-8327.0
-7475.0
-7149.0
-7633.0
-7541.0
-7167.0
-6561.0
-6780.0
-6905.0
-6874.0
-6465.0
-6465.0
-6317.0
-5869.0
-5773.0
-6132.0
-5421.0
-6116.0
-5895.0
-5008.0
-5668.0
-5772.0
-4884.0
-5769.0
-5341.0
-4791.0
-5708.0
-5155.0
-4777.0
-4154.0
