-70559.0
-78293.0
-88805.0
-105555.0
-64333.0
-92593.0
-60004.0
-79630.0
-78542.0
-72771.0
-54565.0
-67283.0
-54208.0
-61668.0
-57255.0
-52401.0
-38867.0
-47715.0
-44265.0
-62582.0
-53286.0
-49424.0
-62981.0
-42182.0
-39940.0
-43123.0
-41720.0
-47454.0
-42661.0
-34397.0
-43421.0
-40131.0
-32773.0
-48945.0
-39170.0
-35787.0
-40552.0
-27150.0
-33167.0
-41113.0
-28698.0
-32239.0
-25307.0
-27525.0
-27495.0
-27453.0
-23782.0
-22558.0
-23979.0
-27138.0
-22602.0
-21275.0
-26328.0
-19568.0
-20562.0
-19513.0
-19481.0
-25987.0
-18292.0
-21337.0
-17241.0
-19458.0
-12476.0
-18887.0
-17268.0
-18374.0
-15589.0
-13537.0
-15300.0
-15669.0
-10407.0
-10515.0
-13240.0
-9117.0
-12874.0
-9017.0
-10756.0
-12298.0
-13221.0
-9496.0
-16226.0
-8185.0
-11406.0
-8348.0
-8849.0
-7277.0
-6972.0
-7870.0
-8053.0
-10287.0
-8230.0
-9434.0
-5865.0
-8320.0
-7534.0
-5138.0
-5666.0
-4237.0
-4841.0
-4948.0
