33662
34385
38669
41768
29644
38530
29047
33324
35134
31571
26220
29418
26633
27594
29591
25828
22242
25573
23724
29760
27130
26414
31696
24554
22792
24119
22725
25344
22471
21276
22916
22636
20659
25311
23096
21960
23793
19160
19684
23127
19592
19900
17721
19118
17606
20101
17866
17296
18335
17819
17892
16367
17859
16382
18300
16034
17202
18722
16815
17017
16866
16145
13418
15408
15838
16625
15299
14010
15103
15646
13574
13586
14205
13554
13542
12983
12981
13629
14782
12720
15284
11994
12548
12691
12561
12937
13325
12779
12615
11829
12799
13064
10563
12633
12250
10738
11334
11497
12474
11113
