4.675277777777778
4.7756944444444445
5.370694444444444
5.801111111111111
4.117222222222222
5.351388888888889
4.034305555555555
4.628333333333333
4.879722222222222
4.384861111111111
3.6416666666666666
4.085833333333333
3.699027777777778
3.8325
4.109861111111111
3.587222222222222
3.089166666666667
3.5518055555555557
3.295
4.133333333333334
3.7680555555555557
3.6686111111111113
4.402222222222222
3.410277777777778
3.1655555555555557
3.349861111111111
3.15625
3.52
3.120972222222222
2.955
3.182777777777778
3.1438888888888887
2.8693055555555556
3.515416666666667
3.207777777777778
3.05
3.3045833333333334
2.661111111111111
2.733888888888889
3.212083333333333
2.721111111111111
2.763888888888889
2.46125
2.6552777777777776
2.4452777777777777
2.7918055555555554
2.481388888888889
2.402222222222222
2.546527777777778
2.474861111111111
2.485
2.2731944444444445
2.4804166666666667
2.2752777777777777
2.5416666666666665
2.2269444444444444
2.3891666666666667
2.600277777777778
2.3354166666666667
2.363472222222222
2.3425
2.2423611111111112
1.863611111111111
2.14
2.1997222222222224
2.3090277777777777
2.124861111111111
1.9458333333333333
2.097638888888889
2.1730555555555555
1.8852777777777778
1.8869444444444445
1.9729166666666667
1.8825
1.8808333333333334
1.8031944444444445
1.8029166666666667
1.8929166666666666
2.0530555555555554
1.7666666666666666
2.122777777777778
1.6658333333333333
1.7427777777777778
1.7626388888888889
1.7445833333333334
1.7968055555555555
1.8506944444444444
1.774861111111111
1.7520833333333334
1.6429166666666666
1.777638888888889
1.8144444444444445
1.4670833333333333
1.7545833333333334
1.7013888888888888
1.4913888888888889
1.5741666666666667
1.5968055555555556
1.7325
1.5434722222222221
