35465
33770
35811
50586
31332
33627
36489
31659
29000
37629
27842
31440
30292
27204
26330
26545
25657
23810
23955
22894
24179
26355
32598
28613
25626
24967
27943
26046
22982
20528
24075
22090
20382
20110
22444
22308
23946
20202
21237
22528
17911
19174
19271
17792
16633
15810
17390
18629
17482
17623
17011
16360
18185
17493
19320
16398
15607
17356
16101
15134
15349
15230
15531
14050
14540
15407
16662
15586
15147
14616
14834
14295
12793
14479
13716
14831
13099
11837
13572
12448
15709
11544
12263
12747
12781
13005
13905
12815
12401
11991
11756
12730
10711
11720
12602
10766
11620
12221
11624
10358
