4.925694444444445
4.690277777777778
4.97375
7.025833333333333
4.351666666666667
4.670416666666667
5.067916666666667
4.397083333333334
4.027777777777778
5.22625
3.8669444444444445
4.366666666666666
4.207222222222223
3.7783333333333333
3.6569444444444446
3.6868055555555554
3.5634722222222224
3.3069444444444445
3.3270833333333334
3.1797222222222223
3.3581944444444445
3.660416666666667
4.5275
3.9740277777777777
3.5591666666666666
3.4676388888888887
3.8809722222222223
3.6175
3.1919444444444443
2.851111111111111
3.34375
3.0680555555555555
2.8308333333333335
2.7930555555555556
3.1172222222222223
3.098333333333333
3.325833333333333
2.805833333333333
2.9495833333333334
3.128888888888889
2.4876388888888887
2.6630555555555557
2.676527777777778
2.471111111111111
2.310138888888889
2.1958333333333333
2.415277777777778
2.587361111111111
2.4280555555555554
2.4476388888888887
2.3626388888888887
2.272222222222222
2.5256944444444445
2.4295833333333334
2.683333333333333
2.2775
2.167638888888889
2.4105555555555553
2.23625
2.1019444444444444
2.1318055555555557
2.1152777777777776
2.1570833333333335
1.9513888888888888
2.0194444444444444
2.139861111111111
2.3141666666666665
2.164722222222222
2.10375
2.03
2.060277777777778
1.9854166666666666
1.7768055555555555
2.010972222222222
1.905
2.059861111111111
1.8193055555555555
1.6440277777777779
1.885
1.728888888888889
2.1818055555555556
1.6033333333333333
1.7031944444444445
1.7704166666666667
1.7751388888888888
1.80625
1.93125
1.7798611111111111
1.722361111111111
1.6654166666666668
1.6327777777777779
1.7680555555555555
1.487638888888889
1.6277777777777778
1.7502777777777778
1.4952777777777777
1.613888888888889
1.697361111111111
1.6144444444444443
1.438611111111111
