-31085.66666666667
-29312.999999999996
-30803.333333333332
-48530.999999999985
-26082.66666666667
-28447.333333333336
-31526.66666666665
-26321.66666666666
-24094.333333333343
-33671.66666666668
-21936.33333333331
-26471.33333333333
-25571.333333333336
-21039.333333333332
-19239.0
-20659.999999999996
-20181.666666666657
-17469.666666666668
-17569.33333333333
-16658.0
-18031.0
-20131.333333333336
-26498.33333333333
-22403.66666666667
-19112.66666666667
-19064.66666666667
-22384.33333333332
-20248.333333333336
-16887.0
-13661.000000000002
-18594.666666666668
-14762.333333333338
-13530.666666666664
-13502.333333333336
-15462.666666666664
-15087.0
-17367.0
-14347.999999999996
-14960.999999999996
-14839.666666666668
-11352.999999999996
-12737.666666666664
-12097.000000000002
-11437.666666666664
-10013.000000000004
-8919.333333333332
-10369.000000000002
-11643.666666666666
-10811.333333333336
-10888.666666666666
-10335.666666666668
-9785.0
-11694.33333333333
-10210.666666666668
-11612.666666666668
-10216.666666666666
-8117.333333333332
-10591.33333333333
-9811.666666666666
-8259.333333333336
-7209.333333333333
-8034.666666666668
-9772.000000000002
-7704.999999999999
-7279.000000000001
-9117.000000000002
-9195.66666666667
-9063.0
-8757.666666666666
-7127.333333333334
-8108.333333333334
-7993.333333333335
-6011.666666666667
-7474.666666666667
-7737.333333333335
-7701.0
-6793.333333333335
-5404.0
-7037.333333333335
-6023.333333333332
-7757.333333333333
-5181.333333333333
-5924.333333333334
-5156.333333333333
-6430.666666666666
-5147.0
-6585.000000000001
-5453.333333333333
-4730.333333333334
-5271.666666666666
-4816.666666666667
-5489.333333333333
-4409.0
-4883.0
-5834.0
-4605.333333333333
-4536.0
-5308.666666666667
-4314.666666666667
-4398.666666666666
