5.468194444444444
4.538333333333333
4.535
5.055
4.413194444444445
4.6786111111111115
4.839444444444444
3.786388888888889
4.387361111111111
4.314444444444445
4.584722222222222
5.866388888888889
3.7106944444444445
3.98125
3.685416666666667
3.9256944444444444
4.2058333333333335
3.7175
3.2952777777777778
4.738194444444445
4.073888888888889
3.6881944444444446
3.5244444444444443
3.56625
3.287638888888889
3.4030555555555555
3.0027777777777778
3.3620833333333335
3.3081944444444447
2.8777777777777778
2.9408333333333334
3.158472222222222
3.3043055555555556
3.561111111111111
2.8520833333333333
3.375138888888889
3.107083333333333
2.5815277777777776
3.05875
2.7779166666666666
2.613888888888889
2.763611111111111
2.7198611111111113
2.4791666666666665
3.6494444444444443
2.795138888888889
2.6641666666666666
2.2733333333333334
2.5772222222222223
2.466111111111111
2.372916666666667
2.471388888888889
2.5081944444444444
2.412638888888889
2.745416666666667
2.51
2.8406944444444444
2.469027777777778
2.337222222222222
2.555833333333333
2.4943055555555556
2.4156944444444446
1.9268055555555557
2.2441666666666666
2.1995833333333334
2.256388888888889
2.1766666666666667
1.9493055555555556
2.1444444444444444
2.0193055555555555
2.0615277777777776
1.97375
1.8854166666666667
2.1168055555555556
1.8552777777777778
1.814861111111111
1.801388888888889
1.9554166666666666
1.8675
1.7470833333333333
2.060277777777778
1.7644444444444445
1.7456944444444444
1.7825
1.7361111111111112
1.70125
1.7768055555555555
1.8345833333333332
1.9209722222222223
1.8302777777777777
1.7725
1.5802777777777777
1.6402777777777777
1.8184722222222223
1.571388888888889
1.5934722222222222
1.7720833333333332
1.8559722222222221
1.8102777777777779
1.5831944444444443
