-26615.0
-22252.0
-21958.0
-26147.0
-21399.0
-22980.0
-24219.0
-17942.0
-21134.0
-20522.0
-22510.0
-30510.0
-17513.0
-18708.0
-17076.0
-17861.0
-20280.0
-17589.0
-14388.0
-23767.0
-19559.0
-16618.0
-14938.0
-16109.0
-14661.0
-15160.0
-12246.0
-14666.0
-14088.0
-11336.0
-12872.0
-13769.0
-14391.0
-16214.0
-11141.0
-14126.0
-12586.0
-10661.0
-13114.0
-10355.0
-10184.0
-11344.0
-10922.0
-9419.0
-17204.0
-11156.0
-10359.0
-8312.0
-10099.0
-9450.0
-9185.0
-9728.0
-9640.0
-8593.0
-9548.0
-9427.0
-10064.0
-9370.0
-8462.0
-9720.0
-8172.0
-8217.0
-6539.0
-8639.0
-7585.0
-7782.0
-7446.0
-6997.0
-7413.0
-6531.0
-7157.0
-6894.0
-6251.0
-6642.0
-6344.0
-5649.0
-5822.0
-6667.0
-6335.0
-5390.0
-5762.0
-5634.0
-5572.0
-5331.0
-5210.0
-4532.0
-4578.0
-5288.0
-6279.0
-6219.0
-5042.0
-4532.0
-4733.0
-5289.0
-4129.0
-5012.0
-5282.0
-5918.0
-4450.0
-4312.0
