39371
32676
32652
36396
31775
33686
34844
27262
31589
31064
33010
42238
26717
28665
26535
28265
30282
26766
23726
34115
29332
26555
25376
25677
23671
24502
21620
24207
23819
20720
21174
22741
23791
25640
20535
24301
22371
18587
22023
20001
18820
19898
19583
17850
26276
20125
19182
16368
18556
17756
17085
17794
18059
17371
19767
18072
20453
17777
16828
18402
17959
17393
13873
16158
15837
16246
15672
14035
15440
14539
14843
14211
13575
15241
13358
13067
12970
14079
13446
12579
14834
12704
12569
12834
12500
12249
12793
13209
13831
13178
12762
11378
11810
13093
11314
11473
12759
13363
13034
11399
