-31265.66666666667
-30882.33333333332
-39498.33333333335
-30735.0
-30209.666666666693
-28993.33333333332
-26325.666666666664
-32898.00000000001
-31473.0
-19302.333333333336
-18797.333333333343
-30122.00000000002
-27073.33333333332
-21577.333333333343
-22307.666666666675
-23649.666666666664
-22183.999999999993
-17924.333333333332
-20879.66666666666
-27423.33333333332
-17678.33333333333
-16719.666666666664
-23421.333333333332
-15709.333333333332
-20094.999999999993
-22527.33333333334
-14435.999999999998
-19829.999999999993
-15360.666666666664
-18469.333333333332
-20381.999999999993
-19531.33333333334
-13139.666666666662
-15646.666666666662
-13672.333333333334
-16026.66666666667
-15409.666666666666
-12825.333333333334
-14219.333333333332
-12441.000000000002
-13665.999999999996
-11617.333333333338
-15948.66666666667
-12686.666666666666
-13503.333333333332
-12896.999999999996
-11554.333333333334
-10361.333333333334
-12697.33333333333
-13384.666666666666
-13825.333333333334
-10525.666666666666
-12548.333333333334
-9797.333333333334
-11072.999999999998
-9936.0
-9021.999999999998
-9878.666666666664
-9473.000000000002
-10656.333333333336
-12049.66666666667
-9601.333333333332
-10770.0
-7487.666666666666
-9139.666666666668
-7659.333333333333
-8507.0
-7101.333333333332
-7772.999999999999
-9231.666666666666
-9322.666666666668
-8301.333333333332
-6235.666666666666
-7782.666666666668
-6203.0
-7544.666666666666
-8102.666666666664
-6850.333333333333
-7213.999999999999
-6585.333333333332
-6211.333333333333
-6620.333333333334
-5982.999999999999
-6446.666666666667
-6199.333333333332
-5374.666666666667
-5688.333333333334
-6379.333333333335
-6170.666666666667
-6401.666666666667
-5517.999999999999
-6024.666666666667
-6000.333333333332
-5635.666666666666
-5123.333333333333
-6069.666666666667
-5106.666666666666
-5004.999999999999
-4363.666666666666
-4927.333333333333
