36368
35669
42367
35616
33914
34272
30453
37591
35133
24282
24456
35008
32269
26610
28764
29086
27637
24243
26207
32861
23648
23910
29701
22714
25843
27702
20744
25416
21819
24432
25744
25895
19588
20865
20175
23203
23146
18545
20599
19761
19894
18250
22429
19014
19224
19703
18781
17612
19117
19938
20146
17415
18566
16497
18798
16329
17002
16461
17127
17633
20087
16943
16966
13237
16378
15010
14993
13707
14549
15774
16579
14323
13542
15193
13148
14298
14883
13486
13801
12544
13641
13559
12932
13322
12695
13007
12421
13537
13188
12957
12863
13195
11972
12763
11571
12122
12123
11951
12420
11264
