5.051111111111111
4.954027777777778
5.884305555555556
4.946666666666666
4.710277777777778
4.76
4.229583333333333
5.220972222222223
4.879583333333334
3.3725
3.3966666666666665
4.862222222222222
4.481805555555556
3.6958333333333333
3.995
4.039722222222222
3.8384722222222223
3.3670833333333334
3.639861111111111
4.564027777777778
3.2844444444444445
3.3208333333333333
4.1251388888888885
3.1547222222222224
3.5893055555555557
3.8475
2.881111111111111
3.53
3.0304166666666665
3.3933333333333335
3.5755555555555554
3.5965277777777778
2.7205555555555554
2.8979166666666667
2.8020833333333335
3.222638888888889
3.214722222222222
2.5756944444444443
2.8609722222222222
2.7445833333333334
2.7630555555555554
2.5347222222222223
3.1151388888888887
2.640833333333333
2.67
2.736527777777778
2.6084722222222223
2.446111111111111
2.6551388888888887
2.7691666666666666
2.7980555555555555
2.41875
2.578611111111111
2.29125
2.6108333333333333
2.267916666666667
2.361388888888889
2.28625
2.37875
2.449027777777778
2.789861111111111
2.3531944444444446
2.356388888888889
1.8384722222222223
2.274722222222222
2.084722222222222
2.082361111111111
1.90375
2.0206944444444446
2.1908333333333334
2.3026388888888887
1.9893055555555557
1.8808333333333334
2.110138888888889
1.826111111111111
1.9858333333333333
2.067083333333333
1.8730555555555555
1.9168055555555557
1.7422222222222221
1.8945833333333333
1.8831944444444444
1.7961111111111112
1.8502777777777777
1.7631944444444445
1.8065277777777777
1.725138888888889
1.8801388888888888
1.8316666666666668
1.7995833333333333
1.7865277777777777
1.832638888888889
1.6627777777777777
1.7726388888888889
1.6070833333333334
1.6836111111111112
1.68375
1.659861111111111
1.725
1.5644444444444445
