36832
47523
39626
40988
31278
32547
31374
41234
30933
35117
36410
32284
30078
27756
25584
29248
31473
30941
25507
30186
25929
22130
22462
28255
28486
21878
25527
21484
22071
21093
19614
22464
24862
20527
20301
20829
20004
18761
20973
25246
23686
18317
20246
20037
22167
18332
19329
19227
16543
16864
16705
18653
16197
16720
17133
15907
16560
17143
15997
17934
19436
16931
15616
14862
15239
14388
16006
14284
14986
15184
14879
14890
14790
13136
14177
13295
13358
12641
13161
13847
14673
12571
12394
13946
13431
13477
12816
13851
13579
12214
14024
12325
11731
11825
12534
11388
12947
12889
12417
11557
