5.115555555555556
6.600416666666667
5.503611111111111
5.692777777777778
4.344166666666666
4.520416666666667
4.3575
5.726944444444444
4.29625
4.877361111111111
5.0569444444444445
4.483888888888889
4.1775
3.855
3.5533333333333332
4.062222222222222
4.37125
4.297361111111111
3.542638888888889
4.1925
3.60125
3.073611111111111
3.1197222222222223
3.9243055555555557
3.9563888888888887
3.038611111111111
3.5454166666666667
2.983888888888889
3.0654166666666667
2.9295833333333334
2.7241666666666666
3.12
3.4530555555555558
2.850972222222222
2.8195833333333336
2.892916666666667
2.7783333333333333
2.6056944444444445
2.912916666666667
3.506388888888889
3.289722222222222
2.544027777777778
2.8119444444444444
2.7829166666666665
3.07875
2.546111111111111
2.6845833333333333
2.6704166666666667
2.297638888888889
2.3422222222222224
2.3201388888888888
2.5906944444444444
2.2495833333333333
2.3222222222222224
2.379583333333333
2.2093055555555554
2.3
2.3809722222222223
2.2218055555555556
2.4908333333333332
2.6994444444444445
2.3515277777777777
2.168888888888889
2.0641666666666665
2.116527777777778
1.9983333333333333
2.2230555555555553
1.9838888888888888
2.0813888888888887
2.108888888888889
2.066527777777778
2.0680555555555555
2.0541666666666667
1.8244444444444445
1.9690277777777778
1.8465277777777778
1.8552777777777778
1.7556944444444444
1.8279166666666666
1.9231944444444444
2.037916666666667
1.7459722222222223
1.7213888888888889
1.9369444444444444
1.8654166666666667
1.8718055555555555
1.78
1.92375
1.8859722222222222
1.696388888888889
1.9477777777777778
1.7118055555555556
1.6293055555555556
1.6423611111111112
1.7408333333333332
1.5816666666666668
1.7981944444444444
1.790138888888889
1.7245833333333334
1.605138888888889
