-32467.66666666667
-45122.33333333334
-35841.666666666664
-36084.000000000015
-27070.0
-27820.666666666668
-26514.66666666667
-36662.66666666666
-25925.000000000004
-30248.666666666668
-31064.666666666668
-27041.33333333334
-25442.000000000007
-22459.66666666666
-18797.33333333333
-23056.333333333332
-26734.000000000004
-25726.333333333336
-19743.000000000004
-25397.666666666664
-20112.666666666664
-15271.666666666664
-14675.666666666664
-22704.66666666667
-23258.000000000007
-16182.0
-19583.66666666666
-14699.999999999996
-15934.333333333338
-14607.33333333333
-13595.999999999996
-15678.333333333332
-19777.999999999993
-13881.666666666662
-13446.66666666667
-13105.666666666668
-13226.999999999998
-12893.999999999998
-15382.666666666662
-18324.333333333332
-18349.333333333336
-12366.333333333334
-13394.333333333334
-12548.333333333336
-16395.000000000004
-11184.333333333332
-12013.333333333336
-12881.999999999993
-10255.999999999998
-9821.0
-10053.666666666666
-11899.333333333334
-10172.66666666667
-9420.999999999998
-8864.666666666666
-9864.333333333334
-9281.0
-10428.0
-9611.333333333334
-10800.999999999998
-10561.333333333334
-9209.333333333334
-9182.666666666666
-7805.333333333334
-8045.999999999998
-7915.666666666666
-9085.333333333334
-8125.333333333333
-8258.666666666668
-7985.333333333336
-8098.66666666667
-8609.333333333334
-8285.333333333336
-6243.666666666666
-7587.333333333333
-6591.333333333333
-6259.999999999999
-6016.333333333334
-5856.666666666666
-7517.0
-6632.666666666666
-5963.999999999999
-6241.333333333333
-6954.666666666665
-6282.666666666666
-5290.333333333334
-4952.666666666666
-6638.999999999999
-6671.333333333333
-5744.000000000001
-6470.666666666665
-4973.333333333334
-5514.666666666666
-4303.666666666667
-5356.333333333332
-4890.0
-5292.333333333333
-5482.333333333333
-4618.000000000001
-4499.666666666667
