5.2775
4.963472222222222
5.448194444444445
6.181111111111111
4.739444444444445
5.427361111111111
4.4783333333333335
4.544444444444444
4.929305555555556
4.82875
3.3143055555555554
4.7531944444444445
3.6141666666666667
4.331666666666667
4.113888888888889
3.6580555555555554
3.112361111111111
3.874722222222222
3.7419444444444445
3.776388888888889
3.360138888888889
3.4481944444444443
3.2280555555555557
3.1558333333333333
4.158194444444445
4.007777777777778
2.970138888888889
3.1911111111111112
3.0191666666666666
3.174722222222222
3.775138888888889
2.835
3.2133333333333334
3.2015277777777778
3.3866666666666667
2.928611111111111
2.7180555555555554
2.7883333333333336
2.680833333333333
2.9305555555555554
3.2056944444444446
2.5218055555555554
2.891388888888889
2.8345833333333332
2.658888888888889
2.6127777777777776
2.9923611111111112
2.613888888888889
2.4140277777777777
2.642777777777778
2.75625
2.2133333333333334
2.352638888888889
2.71875
2.7245833333333334
2.4458333333333333
2.560416666666667
2.2568055555555557
2.4504166666666665
2.4304166666666664
2.336388888888889
2.1831944444444447
2.066388888888889
2.0795833333333333
2.194027777777778
2.091527777777778
2.1616666666666666
2.234166666666667
2.0533333333333332
2.135
2.1020833333333333
1.7856944444444445
1.8543055555555557
1.9191666666666667
1.9147222222222222
1.6844444444444444
1.8481944444444445
1.9891666666666667
1.9547222222222222
1.9323611111111112
2.07625
1.7270833333333333
1.7625
2.044027777777778
1.7841666666666667
2.047222222222222
1.9470833333333333
1.8654166666666667
1.8877777777777778
1.6308333333333334
1.8931944444444444
1.8119444444444444
1.571388888888889
1.718888888888889
1.5259722222222223
1.5116666666666667
1.7015277777777778
1.6523611111111112
1.7763888888888888
1.4616666666666667
