37998
35737
39227
44504
34124
39077
32244
32720
35491
34767
23863
34223
26022
31188
29620
26338
22409
27898
26942
27190
24193
24827
23242
22722
29939
28856
21385
22976
21738
22858
27181
20412
23136
23051
24384
21086
19570
20076
19302
21100
23081
18157
20818
20409
19144
18812
21545
18820
17381
19028
19845
15936
16939
19575
19617
17610
18435
16249
17643
17499
16822
15719
14878
14973
15797
15059
15564
16086
14784
15372
15135
12857
13351
13818
13786
12128
13307
14322
14074
13913
14949
12435
12690
14717
12846
14740
14019
13431
13592
11742
13631
13046
11314
12376
10987
10884
12251
11897
12790
10524
