-33510.666666666664
-32111.99999999999
-35356.666666666664
-40761.333333333336
-29204.33333333331
-35702.333333333336
-26160.666666666668
-26999.666666666657
-31870.0
-29598.333333333347
-18236.333333333336
-29617.999999999993
-21129.000000000007
-25875.666666666664
-23838.333333333332
-20142.66666666666
-16889.000000000004
-22675.66666666666
-21288.0
-21463.333333333332
-18289.333333333325
-18460.666666666668
-16284.333333333327
-16335.999999999998
-24491.333333333336
-23104.999999999996
-15179.999999999995
-17211.666666666668
-15476.666666666666
-16229.666666666666
-21682.333333333343
-13058.0
-17028.333333333332
-18014.666666666664
-18256.666666666675
-13435.333333333334
-12664.66666666667
-14422.66666666667
-12607.333333333334
-13700.33333333333
-17001.0
-11405.333333333338
-14022.0
-14032.666666666664
-13161.333333333328
-12106.000000000002
-14191.000000000002
-12642.999999999995
-11128.333333333332
-12544.666666666666
-12428.999999999996
-9500.000000000002
-10692.333333333334
-12025.333333333336
-11729.333333333334
-11224.666666666668
-10723.666666666668
-9495.666666666666
-10488.33333333333
-10002.000000000004
-9706.0
-8639.666666666664
-8107.000000000002
-8235.333333333332
-8894.0
-8321.333333333334
-9028.333333333332
-9185.333333333332
-7794.666666666667
-8697.666666666668
-8031.666666666666
-6087.666666666667
-6419.0
-6612.666666666666
-7404.666666666665
-5807.333333333333
-6591.666666666668
-7881.66666666667
-7174.0
-8010.666666666668
-7349.0
-6480.666666666668
-6072.666666666667
-7781.000000000002
-6130.999999999999
-6950.666666666669
-6105.666666666667
-6101.333333333334
-6228.666666666667
-4904.333333333333
-6262.666666666667
-5750.666666666666
-4741.666666666666
-5080.333333333333
-4653.333333333334
-4763.333333333333
-5096.0
-5055.333333333334
-4987.666666666666
-4126.333333333334
