36056
37198
33003
41559
33055
37683
30837
32105
31584
29008
29301
30101
29046
26992
24752
29970
31934
25211
27755
24978
24837
22354
22779
22715
24209
24358
25902
23707
22924
19240
20454
23010
19654
21968
20937
23423
21096
17544
19286
20849
18786
21417
18692
18471
19402
18131
18456
19224
17885
18049
15900
17212
20111
16701
18706
15131
18534
16305
17464
16723
18372
16104
15696
14257
14073
14556
15535
14395
15039
16672
14330
13355
13933
14963
13043
13740
14013
12753
14434
12471
15473
12390
12226
13353
12596
13908
13094
13256
13124
11936
12422
13126
12559
12348
11382
10813
12019
12328
12042
11401
