-79799.0
-92528.0
-74836.0
-103909.0
-75868.0
-95091.0
-68188.0
-71763.0
-67978.0
-64099.0
-67677.0
-67108.0
-63426.0
-54352.0
-48734.0
-64714.0
-74595.0
-45734.0
-57936.0
-52363.0
-46420.0
-34989.0
-37353.0
-41639.0
-44659.0
-44304.0
-50481.0
-43104.0
-44554.0
-31489.0
-35902.0
-41142.0
-30314.0
-39370.0
-34537.0
-38480.0
-31788.0
-23929.0
-29390.0
-34366.0
-28311.0
-35580.0
-28525.0
-27126.0
-30979.0
-25893.0
-25844.0
-26847.0
-23450.0
-25151.0
-20889.0
-21530.0
-33304.0
-18499.0
-22011.0
-14550.0
-23547.0
-21312.0
-23126.0
-18955.0
-23886.0
-16919.0
-18141.0
-12765.0
-12987.0
-13968.0
-14865.0
-14390.0
-15501.0
-20424.0
-13357.0
-12986.0
-14217.0
-15420.0
-9940.0
-14228.0
-11811.0
-9314.0
-11358.0
-8512.0
-13782.0
-9977.0
-9356.0
-9945.0
-8387.0
-9050.0
-8709.0
-7895.0
-8690.0
-7065.0
-8020.0
-8880.0
-9736.0
-6171.0
-5424.0
-6091.0
-5611.0
-6725.0
-5112.0
-4764.0
