5.007777777777778
5.166388888888889
4.58375
5.772083333333334
4.590972222222222
5.23375
4.282916666666667
4.459027777777778
4.386666666666667
4.028888888888889
4.069583333333333
4.180694444444445
4.034166666666667
3.7488888888888887
3.437777777777778
4.1625
4.435277777777777
3.5015277777777776
3.854861111111111
3.4691666666666667
3.4495833333333334
3.104722222222222
3.16375
3.154861111111111
3.362361111111111
3.3830555555555555
3.5975
3.292638888888889
3.1838888888888888
2.672222222222222
2.8408333333333333
3.1958333333333333
2.729722222222222
3.051111111111111
2.9079166666666665
3.2531944444444445
2.93
2.4366666666666665
2.678611111111111
2.8956944444444446
2.609166666666667
2.9745833333333334
2.596111111111111
2.5654166666666667
2.694722222222222
2.5181944444444446
2.5633333333333335
2.67
2.484027777777778
2.5068055555555557
2.2083333333333335
2.3905555555555558
2.7931944444444445
2.3195833333333336
2.5980555555555553
2.1015277777777777
2.5741666666666667
2.2645833333333334
2.4255555555555555
2.3226388888888887
2.5516666666666667
2.236666666666667
2.18
1.980138888888889
1.9545833333333333
2.0216666666666665
2.157638888888889
1.9993055555555554
2.08875
2.3155555555555556
1.9902777777777778
1.854861111111111
1.935138888888889
2.0781944444444442
1.8115277777777778
1.9083333333333334
1.94625
1.77125
2.004722222222222
1.7320833333333334
2.149027777777778
1.7208333333333334
1.6980555555555557
1.8545833333333333
1.7494444444444444
1.9316666666666666
1.8186111111111112
1.8411111111111111
1.8227777777777778
1.6577777777777778
1.7252777777777777
1.8230555555555557
1.7443055555555556
1.715
1.5808333333333333
1.5018055555555556
1.6693055555555556
1.7122222222222223
1.6725
1.5834722222222222
