-268545.0
-197635.0
-183780.0
-177737.0
-240911.0
-204784.0
-331590.0
-170998.0
-192719.0
-169345.0
-200588.0
-116494.0
-151177.0
-135490.0
-131497.0
-154213.0
-113858.0
-112358.0
-85083.0
-128898.0
-121594.0
-109150.0
-146335.0
-75964.0
-119535.0
-88350.0
-85002.0
-92131.0
-91316.0
-123280.0
-111425.0
-72405.0
-75060.0
-100983.0
-72061.0
-97365.0
-59424.0
-73464.0
-78442.0
-84526.0
-56863.0
-76239.0
-63211.0
-51505.0
-52622.0
-56420.0
-76796.0
-63271.0
-43957.0
-38807.0
-50480.0
-39452.0
-39859.0
-38798.0
-81168.0
-68079.0
-58733.0
-36003.0
-50410.0
-38680.0
-35162.0
-35680.0
-39360.0
-28144.0
-33988.0
-26539.0
-38167.0
-31821.0
-26291.0
-24409.0
-29531.0
-22904.0
-24063.0
-26133.0
-20457.0
-27929.0
-22202.0
-23548.0
-18569.0
-15849.0
-15540.0
-16757.0
-20349.0
-11190.0
-21519.0
-18513.0
-16927.0
-17631.0
-12936.0
-8216.0
-12521.0
-11419.0
-6624.0
-14487.0
-6299.0
-8999.0
-5926.0
-4135.0
-5403.0
-7199.0
