6.3661111111111115
5.009305555555556
4.60625
4.689722222222223
5.3493055555555555
5.029027777777777
7.189861111111111
4.436527777777778
4.835
4.4325
5.1315277777777775
3.36625
4.198055555555555
3.827638888888889
3.7093055555555554
4.348333333333334
3.419583333333333
3.4893055555555557
3.2091666666666665
3.671111111111111
3.5165277777777777
3.318888888888889
4.222222222222222
2.948472222222222
3.640138888888889
3.114027777777778
3.0268055555555557
3.3491666666666666
3.06
3.7155555555555555
3.4829166666666667
2.7918055555555554
2.837361111111111
3.2569444444444446
2.9358333333333335
3.339166666666667
2.7175
2.8690277777777777
2.9218055555555558
3.031111111111111
2.5241666666666664
2.7484722222222224
2.756527777777778
2.5206944444444446
2.3970833333333332
2.506388888888889
2.9805555555555556
2.6758333333333333
2.3965277777777776
2.2255555555555557
2.5004166666666667
2.2084722222222224
2.241388888888889
2.258611111111111
2.976111111111111
2.6768055555555557
2.7105555555555556
2.0434722222222224
2.4893055555555557
2.379027777777778
2.356527777777778
2.3231944444444443
2.2066666666666666
1.8680555555555556
2.0191666666666666
2.0027777777777778
2.1865277777777776
1.9090277777777778
1.9301388888888888
1.9454166666666666
2.0369444444444444
1.9291666666666667
1.9294444444444445
2.038611111111111
1.8959722222222222
1.833888888888889
1.8633333333333333
1.78625
1.8431944444444444
1.7761111111111112
1.7945833333333334
1.7320833333333334
1.7230555555555556
1.6875
1.9783333333333333
1.8556944444444445
1.9226388888888888
1.8795833333333334
1.823611111111111
1.5940277777777778
1.6554166666666668
1.7552777777777777
1.4773611111111111
1.7055555555555555
1.5495833333333333
1.634861111111111
1.6909722222222223
1.5494444444444444
1.6770833333333333
1.543611111111111
