45836
36067
33165
33766
38515
36209
51767
31943
34812
31914
36947
24237
30226
27559
26707
31308
24621
25123
23106
26432
25319
23896
30400
21229
26209
22421
21793
24114
22032
26752
25077
20101
20429
23450
21138
24042
19566
20657
21037
21824
18174
19789
19847
18149
17259
18046
21460
19266
17255
16024
18003
15901
16138
16262
21428
19273
19516
14713
17923
17129
16967
16727
15888
13450
14538
14420
15743
13745
13897
14007
14666
13890
13892
14678
13651
13204
13416
12861
13271
12788
12921
12471
12406
12150
14244
13361
13843
13533
13130
11477
11919
12638
10637
12280
11157
11771
12175
11156
12075
11114
