4.628472222222222
5.498888888888889
5.698055555555555
4.290277777777778
4.389444444444444
5.3133333333333335
4.478055555555556
3.9358333333333335
4.39
4.394583333333333
4.442638888888889
4.056666666666667
4.166944444444445
3.9940277777777777
3.747777777777778
4.302083333333333
3.7355555555555555
3.52
3.91
3.9881944444444444
3.3668055555555556
3.3319444444444444
3.763472222222222
3.343888888888889
3.3697222222222223
3.350416666666667
2.7619444444444445
2.9975
3.365
2.933333333333333
3.2865277777777777
3.120277777777778
2.635
3.273888888888889
3.2202777777777776
3.290138888888889
2.672638888888889
3.3233333333333333
2.9381944444444446
2.9575
2.959722222222222
2.5431944444444445
2.6825
2.680972222222222
2.614027777777778
2.5570833333333334
2.399722222222222
2.6733333333333333
2.4706944444444443
2.7913888888888887
2.4122222222222223
2.602638888888889
2.457222222222222
2.6341666666666668
2.388611111111111
2.435416666666667
2.7258333333333336
2.44125
2.4606944444444445
2.5180555555555557
2.7127777777777777
2.0706944444444444
2.1075
2.2709722222222224
2.2908333333333335
2.14875
2.19
2.2806944444444444
2.2016666666666667
2.026527777777778
2.0229166666666667
1.792361111111111
2.1480555555555556
2.0081944444444444
1.9075
1.9093055555555556
1.9334722222222223
1.9079166666666667
2.0119444444444445
1.9708333333333334
2.213611111111111
1.84375
1.6920833333333334
1.8979166666666667
1.9102777777777777
2.154861111111111
2.31125
1.8429166666666668
1.8504166666666666
1.7181944444444444
1.635
1.8880555555555556
1.6059722222222221
1.7023611111111112
1.7173611111111111
1.4529166666666666
1.6554166666666668
1.832361111111111
1.7938888888888889
1.5981944444444445
