33325
39592
41026
30890
31604
38256
32242
28338
31608
31641
31987
29208
30002
28757
26984
30975
26896
25344
28152
28715
24241
23990
27097
24076
24262
24123
19886
21582
24228
21120
23663
22466
18972
23572
23186
23689
19243
23928
21155
21294
21310
18311
19314
19303
18821
18411
17278
19248
17789
20098
17368
18739
17692
18966
17198
17535
19626
17577
17717
18130
19532
14909
15174
16351
16494
15471
15768
16421
15852
14591
14565
12905
15466
14459
13734
13747
13921
13737
14486
14190
15938
13275
12183
13665
13754
15515
16641
13269
13323
12371
11772
13594
11563
12257
12365
10461
11919
13193
12916
11507
