-22563.0
-28271.0
-28641.0
-20589.0
-21433.0
-26787.0
-21411.0
-17997.0
-21508.0
-20927.0
-21340.0
-19291.0
-20629.0
-18154.0
-16245.0
-20572.0
-17120.0
-16027.0
-18205.0
-18563.0
-14798.0
-14914.0
-15950.0
-14367.0
-14864.0
-15036.0
-11380.0
-13302.0
-14831.0
-11800.0
-14076.0
-13301.0
-10577.0
-14457.0
-13658.0
-12860.0
-10683.0
-14614.0
-12414.0
-11577.0
-12047.0
-9869.0
-10399.0
-10464.0
-10673.0
-9516.0
-8682.0
-10448.0
-8777.0
-11819.0
-8983.0
-10550.0
-9702.0
-9870.0
-7039.0
-9407.0
-9195.0
-9178.0
-8828.0
-9021.0
-9487.0
-7186.0
-7692.0
-8519.0
-8001.0
-7194.0
-7462.0
-8383.0
-7883.0
-7086.0
-6801.0
-6014.0
-6789.0
-6708.0
-6676.0
-6202.0
-6383.0
-6377.0
-6889.0
-6667.0
-6658.0
-6023.0
-5351.0
-5577.0
-6268.0
-6722.0
-7755.0
-6008.0
-5601.0
-5340.0
-4751.0
-5839.0
-5084.0
-4170.0
-5442.0
-4355.0
-4595.0
-5328.0
-4512.0
-4600.0
