4.110416666666667
5.008611111111111
4.527777777777778
5.357222222222222
5.069305555555555
4.342777777777778
6.796944444444445
4.463611111111111
4.2948611111111115
5.317777777777778
3.7883333333333336
3.77
4.514861111111111
4.943888888888889
3.796111111111111
4.085277777777778
3.422083333333333
3.6059722222222224
3.9433333333333334
3.34625
3.2848611111111112
3.55625
3.86
3.6390277777777778
3.505138888888889
2.8944444444444444
3.3115277777777776
2.847777777777778
3.136388888888889
3.439722222222222
3.088611111111111
3.288611111111111
3.0005555555555556
2.6126388888888887
2.85875
3.2095833333333332
2.9608333333333334
2.38125
2.8041666666666667
3.0765277777777778
2.908611111111111
2.90125
3.038472222222222
2.689722222222222
2.575833333333333
2.9519444444444445
2.8581944444444445
2.5680555555555555
2.645138888888889
2.4293055555555556
2.1109722222222222
2.6419444444444444
2.669027777777778
2.0968055555555556
2.7729166666666667
2.1894444444444443
2.56375
2.3493055555555555
2.3441666666666667
2.245416666666667
2.6127777777777776
2.35
1.9927777777777778
2.2398611111111113
2.1970833333333335
2.1415277777777777
2.1172222222222223
2.279861111111111
2.182916666666667
2.024583333333333
2.1483333333333334
1.9381944444444446
1.8284722222222223
1.881388888888889
1.7729166666666667
1.9427777777777777
1.9368055555555554
1.749861111111111
1.9380555555555556
1.8180555555555555
2.0908333333333333
1.75125
1.685
1.7627777777777778
1.8018055555555557
1.9258333333333333
1.9415277777777777
1.8815277777777777
1.8266666666666667
1.8281944444444445
1.7219444444444445
1.8402777777777777
1.5125
1.6802777777777778
1.5577777777777777
1.4743055555555555
1.7152777777777777
1.615138888888889
1.677638888888889
1.51875
