29595
36062
32600
38572
36499
31268
48938
32138
30923
38288
27276
27144
32507
35596
27332
29414
24639
25963
28392
24093
23651
25605
27792
26201
25237
20840
23843
20504
22582
24766
22238
23678
21604
18811
20583
23109
21318
17145
20190
22151
20942
20889
21877
19366
18546
21254
20579
18490
19045
17491
15199
19022
19217
15097
19965
15764
18459
16915
16878
16167
18812
16920
14348
16127
15819
15419
15244
16415
15717
14577
15468
13955
13165
13546
12765
13988
13945
12599
13954
13090
15054
12609
12132
12692
12973
13866
13979
13547
13152
13163
12398
13250
10890
12098
11216
10615
12350
11629
12079
10935
