-32626.0
-43015.0
-38670.0
-48539.0
-47326.0
-35180.0
-64764.0
-39115.0
-36112.0
-47599.0
-30298.0
-31211.0
-39738.0
-44640.0
-27648.0
-34978.0
-24893.0
-29780.0
-30292.0
-23414.0
-24025.0
-28206.0
-28133.0
-26656.0
-27553.0
-18771.0
-25045.0
-19287.0
-22975.0
-27114.0
-22996.0
-24987.0
-20603.0
-15973.0
-18280.0
-22109.0
-20198.0
-14541.0
-18808.0
-20577.0
-21005.0
-19227.0
-20172.0
-17329.0
-17412.0
-19934.0
-17686.0
-16008.0
-16641.0
-13856.0
-9702.0
-15936.0
-17321.0
-9988.0
-16654.0
-12184.0
-14608.0
-12743.0
-12514.0
-11599.0
-13890.0
-12974.0
-10375.0
-13102.0
-11956.0
-9942.0
-9355.0
-12446.0
-12089.0
-9760.0
-10023.0
-8848.0
-7137.0
-8023.0
-6944.0
-9294.0
-9039.0
-7168.0
-8393.0
-8171.0
-8139.0
-7819.0
-7703.0
-6443.0
-7311.0
-7975.0
-7951.0
-6537.0
-6510.0
-6955.0
-5991.0
-6956.0
-5431.0
-5470.0
-5258.0
-4928.0
-5380.0
-4927.0
-4566.0
-4870.0
