-205942.0
-192248.0
-252411.0
-250694.0
-149896.0
-185400.0
-158357.0
-153738.0
-152002.0
-214786.0
-160347.0
-129843.0
-175451.0
-121727.0
-174592.0
-139865.0
-145742.0
-151485.0
-110835.0
-129378.0
-113503.0
-115020.0
-95441.0
-106204.0
-73257.0
-87138.0
-116591.0
-107883.0
-106185.0
-79595.0
-71821.0
-83517.0
-77607.0
-73481.0
-94577.0
-91720.0
-97735.0
-69491.0
-75768.0
-67195.0
-99480.0
-97372.0
-71649.0
-71731.0
-52771.0
-60767.0
-63100.0
-52802.0
-54641.0
-43726.0
-55964.0
-43843.0
-48833.0
-46634.0
-36499.0
-47764.0
-40774.0
-42927.0
-46405.0
-44902.0
-40733.0
-34066.0
-32344.0
-36057.0
-36504.0
-34754.0
-35193.0
-29227.0
-20265.0
-24665.0
-26906.0
-20172.0
-20433.0
-19526.0
-27958.0
-29690.0
-18489.0
-15229.0
-20377.0
-17913.0
-16211.0
-14800.0
-18456.0
-19796.0
-16810.0
-13849.0
-15883.0
-13931.0
-12010.0
-10678.0
-12550.0
-12560.0
-7912.0
-8808.0
-7347.0
-9483.0
-5793.0
-5802.0
-4845.0
-4289.0
