38757
34358
41830
42492
30538
32651
30634
31129
30143
36806
29888
26504
32865
25076
32857
28846
28614
30389
24739
26251
26291
25103
24420
25134
20383
22136
26474
23818
24100
21099
19971
22319
20474
20253
23391
23678
25433
18831
20046
20095
23259
22169
19973
20951
17415
18710
19578
18329
18864
16803
18000
16057
16857
17895
16874
15977
16857
16715
17040
17060
17994
16615
14482
14858
15869
14555
14564
14359
13825
14771
14629
12156
12827
14007
14166
14646
12740
12969
12492
12147
14253
11591
11968
13071
12770
13535
12860
13745
13205
11833
11735
11958
10904
11861
10900
11154
11099
12380
11556
10027
