5.382916666666667
4.771944444444444
5.809722222222222
5.901666666666666
4.241388888888889
4.534861111111111
4.254722222222222
4.323472222222223
4.186527777777778
5.111944444444444
4.151111111111111
3.681111111111111
4.564583333333333
3.4827777777777778
4.563472222222222
4.006388888888889
3.9741666666666666
4.220694444444445
3.4359722222222224
3.6459722222222224
3.651527777777778
3.486527777777778
3.3916666666666666
3.4908333333333332
2.830972222222222
3.0744444444444445
3.6769444444444446
3.3080555555555557
3.3472222222222223
2.9304166666666664
2.77375
3.099861111111111
2.843611111111111
2.8129166666666667
3.24875
3.288611111111111
3.5323611111111113
2.6154166666666665
2.7841666666666667
2.7909722222222224
3.2304166666666667
3.0790277777777777
2.774027777777778
2.9098611111111112
2.41875
2.598611111111111
2.7191666666666667
2.5456944444444445
2.62
2.33375
2.5
2.230138888888889
2.34125
2.4854166666666666
2.343611111111111
2.219027777777778
2.34125
2.321527777777778
2.3666666666666667
2.3694444444444445
2.4991666666666665
2.307638888888889
2.011388888888889
2.0636111111111113
2.2040277777777777
2.0215277777777776
2.022777777777778
1.9943055555555556
1.9201388888888888
2.051527777777778
2.0318055555555556
1.6883333333333332
1.7815277777777778
1.9454166666666666
1.9675
2.0341666666666667
1.7694444444444444
1.80125
1.735
1.6870833333333333
1.9795833333333333
1.6098611111111112
1.6622222222222223
1.8154166666666667
1.773611111111111
1.8798611111111112
1.7861111111111112
1.9090277777777778
1.8340277777777778
1.6434722222222222
1.6298611111111112
1.6608333333333334
1.5144444444444445
1.647361111111111
1.5138888888888888
1.5491666666666666
1.5415277777777778
1.7194444444444446
1.605
1.392638888888889
