33412
34278
32526
32173
40247
34085
29963
31833
37118
28214
26515
30790
23824
25962
27006
36626
28138
27934
28054
29965
26708
27623
25351
23930
22568
21058
24983
25385
21796
19445
22532
22443
23724
22509
23201
24355
20712
19562
20315
19635
18554
18627
20101
20753
19565
19228
20084
19215
17836
16601
18195
18158
16903
17743
18158
16443
17413
15279
18539
18448
16993
16156
14698
14474
14997
15773
15085
16720
14839
14899
15328
13396
12595
16077
14977
12136
14334
13162
14045
13585
15035
12977
12552
13348
12915
14504
12308
12777
13290
11542
12983
12050
11610
11931
10715
11357
12809
12510
12386
10359
