4.640555555555555
4.760833333333333
4.5175
4.468472222222222
5.589861111111111
4.7340277777777775
4.161527777777778
4.42125
5.155277777777778
3.9186111111111113
3.682638888888889
4.276388888888889
3.3088888888888888
3.6058333333333334
3.7508333333333335
5.086944444444445
3.9080555555555554
3.879722222222222
3.8963888888888887
4.1618055555555555
3.7094444444444443
3.836527777777778
3.5209722222222224
3.323611111111111
3.1344444444444446
2.924722222222222
3.4698611111111113
3.5256944444444445
3.027222222222222
2.7006944444444443
3.1294444444444443
3.1170833333333334
3.295
3.12625
3.2223611111111112
3.3826388888888888
2.8766666666666665
2.7169444444444446
2.821527777777778
2.7270833333333333
2.5769444444444445
2.587083333333333
2.7918055555555554
2.882361111111111
2.717361111111111
2.6705555555555556
2.7894444444444444
2.66875
2.477222222222222
2.3056944444444443
2.527083333333333
2.5219444444444443
2.347638888888889
2.4643055555555557
2.5219444444444443
2.28375
2.4184722222222224
2.1220833333333333
2.5748611111111113
2.562222222222222
2.360138888888889
2.243888888888889
2.0413888888888887
2.0102777777777776
2.0829166666666667
2.1906944444444445
2.095138888888889
2.3222222222222224
2.0609722222222224
2.0693055555555557
2.128888888888889
1.8605555555555555
1.7493055555555554
2.2329166666666667
2.080138888888889
1.6855555555555555
1.9908333333333332
1.8280555555555555
1.9506944444444445
1.8868055555555556
2.0881944444444445
1.802361111111111
1.7433333333333334
1.853888888888889
1.79375
2.0144444444444445
1.7094444444444445
1.7745833333333334
1.8458333333333334
1.6030555555555555
1.8031944444444445
1.6736111111111112
1.6125
1.6570833333333332
1.4881944444444444
1.5773611111111112
1.7790277777777779
1.7375
1.7202777777777778
1.43875
