-69635.0
-82176.0
-66143.0
-72166.0
-102610.0
-74439.0
-64454.0
-70085.0
-85921.0
-58679.0
-54646.0
-66099.0
-43482.0
-50527.0
-49107.0
-85292.0
-57726.0
-59849.0
-58954.0
-65229.0
-51145.0
-57683.0
-46036.0
-42541.0
-39699.0
-34062.0
-47771.0
-49467.0
-37687.0
-27715.0
-38583.0
-38447.0
-44279.0
-38561.0
-44550.0
-42218.0
-32471.0
-30869.0
-35282.0
-26829.0
-27505.0
-28699.0
-30355.0
-31952.0
-32694.0
-30385.0
-27987.0
-29138.0
-25754.0
-22009.0
-25673.0
-25009.0
-20077.0
-23037.0
-22606.0
-16342.0
-21497.0
-15696.0
-24886.0
-23875.0
-15061.0
-17789.0
-14654.0
-15444.0
-14526.0
-16003.0
-16345.0
-21107.0
-13360.0
-14138.0
-13544.0
-11226.0
-10336.0
-15008.0
-14532.0
-10301.0
-11154.0
-11873.0
-11250.0
-12082.0
-12605.0
-9043.0
-10426.0
-10031.0
-7569.0
-11909.0
-6810.0
-8116.0
-7889.0
-6504.0
-10179.0
-5719.0
-6090.0
-5967.0
-4721.0
-6030.0
-6437.0
-5975.0
-7335.0
-5054.0
