5.195694444444444
5.789861111111111
5.003611111111111
4.876666666666667
4.470972222222223
5.4695833333333335
4.016527777777778
5.129722222222222
4.1258333333333335
4.488888888888889
4.399583333333333
4.398333333333333
3.5883333333333334
3.6155555555555554
4.063055555555556
3.22625
4.096388888888889
3.8255555555555554
3.7244444444444444
3.6013888888888888
3.455
3.542777777777778
4.349166666666667
3.575138888888889
2.9704166666666665
3.1893055555555554
3.3794444444444443
3.2752777777777777
2.9491666666666667
3.39
3.2583333333333333
2.7856944444444443
2.7131944444444445
2.9273611111111113
3.0016666666666665
2.981527777777778
2.944861111111111
2.602361111111111
3.017361111111111
2.8466666666666667
2.71375
2.758611111111111
2.8026388888888887
2.720833333333333
2.2755555555555556
2.7377777777777776
2.5797222222222222
2.347777777777778
2.645138888888889
2.661388888888889
2.6615277777777777
2.1806944444444443
2.3330555555555557
2.4026388888888888
2.7779166666666666
2.329861111111111
2.2402777777777776
2.330138888888889
2.4304166666666664
2.5805555555555557
2.4158333333333335
2.187361111111111
2.1351388888888887
2.221111111111111
2.241111111111111
2.163611111111111
2.258472222222222
2.0597222222222222
2.024583333333333
2.06
2.2630555555555554
1.84875
2.0744444444444445
2.3072222222222223
1.9461111111111111
2.116527777777778
2.0372222222222223
1.8098611111111111
1.9440277777777777
1.9133333333333333
2.111527777777778
1.9344444444444444
1.65625
1.8284722222222223
1.8076388888888888
1.7530555555555556
2.1066666666666665
1.8883333333333334
1.876111111111111
1.7022222222222223
1.8716666666666666
1.7529166666666667
1.775
1.6205555555555555
1.5709722222222222
1.6515277777777777
1.6554166666666668
1.6954166666666666
1.7884722222222222
1.5366666666666666
