37409
41687
36026
35112
32191
39381
28919
36934
29706
32320
31677
31668
25836
26032
29254
23229
29494
27544
26816
25930
24876
25508
31314
25741
21387
22963
24332
23582
21234
24408
23460
20057
19535
21077
21612
21467
21203
18737
21725
20496
19539
19862
20179
19590
16384
19712
18574
16904
19045
19162
19163
15701
16798
17299
20001
16775
16130
16777
17499
18580
17394
15749
15373
15992
16136
15578
16261
14830
14577
14832
16294
13311
14936
16612
14012
15239
14668
13031
13997
13776
15203
13928
11925
13165
13015
12622
15168
13596
13508
12256
13476
12621
12780
11668
11311
11891
11919
12207
12877
11064
