-32165.666666666657
-38527.66666666667
-31466.33333333334
-30739.33333333332
-27801.000000000007
-35853.66666666669
-23298.66666666667
-32587.333333333336
-23729.999999999996
-28400.999999999996
-26256.333333333325
-26307.666666666657
-20510.666666666657
-19163.66666666667
-21760.999999999996
-17100.333333333332
-24303.666666666664
-21855.33333333333
-21174.66666666666
-20195.33333333334
-18969.333333333332
-18923.666666666664
-24711.333333333347
-19886.0
-15183.0
-16735.000000000004
-17967.0
-17815.0
-14357.000000000005
-17901.666666666664
-18081.000000000007
-13251.333333333338
-12804.333333333332
-15490.000000000005
-14424.0
-13186.66666666667
-14033.666666666662
-11896.666666666664
-15598.999999999995
-12398.666666666662
-12828.333333333332
-12712.666666666668
-14048.333333333334
-13317.000000000002
-10146.66666666667
-13306.666666666664
-11432.666666666664
-9751.33333333333
-12115.999999999998
-11766.333333333336
-12457.999999999998
-9294.0
-10168.666666666666
-9693.000000000002
-12594.333333333332
-10143.666666666664
-8755.666666666666
-10514.999999999998
-10828.000000000002
-10751.000000000004
-9713.333333333328
-8382.333333333332
-9185.333333333332
-9258.999999999998
-8635.333333333334
-8426.666666666668
-9251.666666666666
-8177.666666666667
-7892.999999999999
-8243.666666666668
-9115.0
-6867.999999999998
-7569.999999999999
-8480.666666666668
-7267.0
-8997.333333333332
-8020.333333333333
-6733.333333333333
-7008.333333333331
-6649.333333333334
-7252.666666666667
-7876.999999999998
-5303.666666666666
-6505.0
-6331.0
-5148.000000000001
-7052.333333333332
-6876.999999999998
-6345.666666666667
-5514.666666666668
-6306.666666666664
-5800.666666666667
-5926.333333333334
-4415.666666666667
-4974.666666666665
-5747.666666666666
-4814.000000000001
-4929.999999999999
-5643.333333333333
-4950.0
