5.424166666666666
5.359583333333333
4.328055555555555
4.653194444444445
3.9075
4.299166666666666
4.4759722222222225
4.4440277777777775
4.741805555555556
4.120833333333334
3.8340277777777776
3.7495833333333333
3.7955555555555556
4.7931944444444445
3.7629166666666665
4.413611111111111
4.050416666666667
3.5293055555555557
3.4451388888888888
3.7230555555555553
3.399861111111111
3.524861111111111
3.374861111111111
3.406388888888889
3.515972222222222
2.699027777777778
3.475138888888889
3.2327777777777778
3.2070833333333333
3.1991666666666667
3.214583333333333
3.230277777777778
2.7304166666666667
3.3804166666666666
2.874861111111111
3.23
3.176111111111111
2.3344444444444443
2.959861111111111
3.0526388888888887
2.950277777777778
2.6555555555555554
2.8030555555555554
2.6180555555555554
2.7711111111111113
2.6061111111111113
2.419861111111111
2.680138888888889
2.615
2.359722222222222
2.2675
2.5755555555555554
2.4095833333333334
2.317083333333333
2.533472222222222
2.2529166666666667
2.4304166666666664
2.0884722222222223
2.1379166666666665
2.479722222222222
2.6395833333333334
2.0652777777777778
2.232222222222222
1.9019444444444444
2.3604166666666666
2.0881944444444445
2.0588888888888888
1.9080555555555556
2.2265277777777777
2.0704166666666666
2.180138888888889
1.9513888888888888
1.91375
2.0243055555555554
1.9581944444444443
1.7394444444444443
1.97875
1.820138888888889
1.8768055555555556
1.7008333333333334
1.9066666666666667
1.9180555555555556
1.7154166666666666
1.7583333333333333
1.7697222222222222
1.7856944444444445
1.6277777777777778
1.7727777777777778
1.8316666666666668
1.8327777777777778
1.7345833333333334
1.8191666666666666
1.46125
1.6754166666666668
1.646388888888889
1.4625
1.795
1.6454166666666667
1.7686111111111111
1.4654166666666666
