-97437.0
-95456.0
-70647.0
-73540.0
-60939.0
-67212.0
-71243.0
-69489.0
-74809.0
-61809.0
-55011.0
-55185.0
-57513.0
-79299.0
-54368.0
-73263.0
-62042.0
-47225.0
-46158.0
-54885.0
-43580.0
-51328.0
-42911.0
-46097.0
-47720.0
-30796.0
-48224.0
-35971.0
-40842.0
-38750.0
-41090.0
-42241.0
-32530.0
-46661.0
-34762.0
-40016.0
-40501.0
-23380.0
-35008.0
-37777.0
-33722.0
-31188.0
-27162.0
-27585.0
-33139.0
-26134.0
-21781.0
-27289.0
-27293.0
-20884.0
-21313.0
-29296.0
-21772.0
-20673.0
-22283.0
-19043.0
-23627.0
-15752.0
-15621.0
-21890.0
-21474.0
-14463.0
-17824.0
-13680.0
-20096.0
-15452.0
-13187.0
-12462.0
-19629.0
-17026.0
-13552.0
-13175.0
-11920.0
-12658.0
-11506.0
-8985.0
-14002.0
-10052.0
-11942.0
-10316.0
-11696.0
-10562.0
-12017.0
-8671.0
-7799.0
-7753.0
-6472.0
-8315.0
-7387.0
-9326.0
-8788.0
-7468.0
-4779.0
-5612.0
-7175.0
-6371.0
-6459.0
-4743.0
-5952.0
-4540.0
