39054
38589
31162
33503
28134
30954
32227
31997
34141
29670
27605
26997
27328
34511
27093
31778
29163
25411
24805
26806
24479
25379
24299
24526
25315
19433
25021
23276
23091
23034
23145
23258
19659
24339
20699
23256
22868
16808
21311
21979
21242
19120
20182
18850
19952
18764
17423
19297
18828
16990
16326
18544
17349
16683
18241
16221
17499
15037
15393
17854
19005
14870
16072
13694
16995
15035
14824
13738
16031
14907
15697
14050
13779
14575
14099
12524
14247
13105
13513
12246
13728
13810
12351
12660
12742
12857
11720
12764
13188
13196
12489
13098
10521
12063
11854
10530
12924
11847
12734
10551
