37377
42996
28783
41544
30498
37638
35377
30231
34582
28949
28907
32772
37916
29955
26408
28899
26869
31990
27364
25441
23594
22263
26780
27450
24444
23437
20094
24308
21831
24672
21194
21508
18803
22317
22312
21850
24375
17395
19601
20833
20051
19417
20476
18884
18115
22166
21253
19259
18905
15801
18377
16144
18864
16532
18337
16155
16503
15333
16507
17037
18893
16668
15958
15613
15069
15473
15571
15173
15213
16406
14501
15591
14869
14983
14938
14362
14547
14879
14157
14278
16024
11458
13616
14339
13208
14411
14562
13522
12473
12550
12498
13301
11288
12841
12990
11064
12396
13080
13795
10482
