-25790.0
-30989.0
-18915.0
-30096.0
-20124.0
-26608.0
-24749.0
-20547.0
-24410.0
-18953.0
-18425.0
-22470.0
-27565.0
-19913.0
-16193.0
-19527.0
-17396.0
-21436.0
-17689.0
-15726.0
-14572.0
-13298.0
-16107.0
-17514.0
-15191.0
-14028.0
-11458.0
-14908.0
-13465.0
-15263.0
-12685.0
-11633.0
-10863.0
-13173.0
-12880.0
-11514.0
-13898.0
-9155.0
-10865.0
-11401.0
-11452.0
-10334.0
-11719.0
-10271.0
-10055.0
-12404.0
-12314.0
-10598.0
-10322.0
-8378.0
-9589.0
-8226.0
-10460.0
-8392.0
-8893.0
-7913.0
-7920.0
-8009.0
-8284.0
-8610.0
-8827.0
-8334.0
-8300.0
-7594.0
-6946.0
-7369.0
-7292.0
-7355.0
-7203.0
-7738.0
-6459.0
-7446.0
-6963.0
-6945.0
-7483.0
-6443.0
-6613.0
-6988.0
-6599.0
-6630.0
-7579.0
-5140.0
-6738.0
-6284.0
-5672.0
-5465.0
-6419.0
-5974.0
-4991.0
-5231.0
-5247.0
-5394.0
-4293.0
-4860.0
-5845.0
-4392.0
-5025.0
-5336.0
-5108.0
-3908.0
