5.19125
5.971666666666667
3.997638888888889
5.77
4.235833333333333
5.2275
4.9134722222222225
4.19875
4.803055555555556
4.020694444444445
4.014861111111111
4.551666666666667
5.266111111111111
4.160416666666666
3.667777777777778
4.01375
3.7318055555555554
4.4430555555555555
3.8005555555555555
3.533472222222222
3.2769444444444447
3.0920833333333335
3.7194444444444446
3.8125
3.395
3.255138888888889
2.7908333333333335
3.3761111111111113
3.0320833333333335
3.4266666666666667
2.943611111111111
2.987222222222222
2.611527777777778
3.0995833333333334
3.098888888888889
3.0347222222222223
3.3854166666666665
2.4159722222222224
2.7223611111111112
2.893472222222222
2.7848611111111112
2.6968055555555557
2.843888888888889
2.622777777777778
2.515972222222222
3.078611111111111
2.9518055555555556
2.674861111111111
2.6256944444444446
2.1945833333333336
2.5523611111111113
2.2422222222222223
2.62
2.296111111111111
2.5468055555555558
2.24375
2.2920833333333333
2.129583333333333
2.292638888888889
2.36625
2.6240277777777776
2.315
2.216388888888889
2.1684722222222224
2.0929166666666665
2.149027777777778
2.162638888888889
2.107361111111111
2.1129166666666666
2.278611111111111
2.0140277777777778
2.1654166666666668
2.065138888888889
2.080972222222222
2.0747222222222224
1.9947222222222223
2.0204166666666667
2.066527777777778
1.96625
1.9830555555555556
2.2255555555555557
1.591388888888889
1.8911111111111112
1.9915277777777778
1.8344444444444445
2.0015277777777776
2.0225
1.8780555555555556
1.732361111111111
1.7430555555555556
1.7358333333333333
1.847361111111111
1.5677777777777777
1.7834722222222221
1.8041666666666667
1.5366666666666666
1.7216666666666667
1.8166666666666667
1.9159722222222222
1.4558333333333333
