5.963333333333333
5.143611111111111
5.563472222222222
4.848611111111111
5.3125
4.955416666666666
5.3661111111111115
4.2188888888888885
4.717777777777778
4.4030555555555555
4.575555555555556
3.654027777777778
4.37625
4.292083333333333
3.5644444444444443
3.393611111111111
3.845138888888889
4.473055555555556
3.482361111111111
3.5708333333333333
3.38875
3.7368055555555557
4.345694444444445
3.3134722222222224
3.707777777777778
3.4988888888888887
3.5348611111111112
3.020277777777778
2.898888888888889
3.4368055555555554
3.223472222222222
3.11375
3.451388888888889
2.9276388888888887
2.8906944444444442
2.932916666666667
2.875138888888889
2.6815277777777777
2.9880555555555555
2.9530555555555558
2.568888888888889
2.4025
2.751388888888889
2.5166666666666666
2.55875
2.640416666666667
2.6277777777777778
2.638611111111111
2.696527777777778
2.1302777777777777
2.5204166666666667
2.169861111111111
2.3844444444444446
2.5505555555555555
2.53375
2.49
2.5295833333333335
2.417361111111111
2.212638888888889
2.0520833333333335
2.3405555555555555
2.292777777777778
2.2134722222222223
2.0418055555555554
2.1266666666666665
2.2993055555555557
2.010972222222222
2.0484722222222222
1.8830555555555555
2.1347222222222224
2.1008333333333336
1.9918055555555556
1.87875
2.04375
2.013611111111111
1.7979166666666666
1.9908333333333332
1.7030555555555555
1.8619444444444444
1.7509722222222222
2.078888888888889
1.7229166666666667
1.8220833333333333
1.9140277777777779
1.808888888888889
1.8370833333333334
1.752361111111111
1.8177777777777777
1.9159722222222222
1.8106944444444444
1.676111111111111
1.8441666666666667
1.5979166666666667
1.825
1.72
1.6443055555555555
1.7529166666666667
1.8408333333333333
1.7890277777777779
1.5893055555555555
