42936
37034
40057
34910
38250
35679
38636
30376
33968
31702
32944
26309
31509
30903
25664
24434
27685
32206
25073
25710
24399
26905
31289
23857
26696
25192
25451
21746
20872
24745
23209
22419
24850
21079
20813
21117
20701
19307
21514
21262
18496
17298
19810
18120
18423
19011
18920
18998
19415
15338
18147
15623
17168
18364
18243
17928
18213
17405
15931
14775
16852
16508
15937
14701
15312
16555
14479
14749
13558
15370
15126
14341
13527
14715
14498
12945
14334
12262
13406
12607
14968
12405
13119
13781
13024
13227
12617
13088
13795
13037
12068
13278
11505
13140
12384
11839
12621
13254
12881
11443
