-30573.0
-26425.0
-28975.0
-24348.0
-27259.0
-24667.0
-26904.0
-19791.0
-23287.0
-21556.0
-22954.0
-16627.0
-21458.0
-20839.0
-15730.0
-15091.0
-17485.0
-22222.0
-14835.0
-16102.0
-14463.0
-16608.0
-18738.0
-14144.0
-17484.0
-14782.0
-16184.0
-12394.0
-12248.0
-15916.0
-14579.0
-13261.0
-15181.0
-11951.0
-11650.0
-11205.0
-11623.0
-11071.0
-12869.0
-11126.0
-10090.0
-8969.0
-10838.0
-10139.0
-10438.0
-9843.0
-10260.0
-10290.0
-10938.0
-8042.0
-8902.0
-7850.0
-9051.0
-9377.0
-8757.0
-9346.0
-8826.0
-8858.0
-7758.0
-6267.0
-7820.0
-8373.0
-8388.0
-7692.0
-7688.0
-8068.0
-6918.0
-7472.0
-5878.0
-7183.0
-7073.0
-6895.0
-5870.0
-6674.0
-6577.0
-5367.0
-6369.0
-5390.0
-5436.0
-5168.0
-6020.0
-5593.0
-5882.0
-5794.0
-5748.0
-4768.0
-4828.0
-5575.0
-5729.0
-5699.0
-4853.0
-5468.0
-4685.0
-4789.0
-5131.0
-4983.0
-4833.0
-5775.0
-4557.0
-4363.0
