31833
35655
43116
33665
38032
33419
29337
34987
30170
30452
33908
23668
36557
26788
30714
26017
22154
35499
24644
23975
25824
29997
27677
24816
22022
33248
25203
21840
23566
23157
21744
22489
20100
19294
23548
19595
21242
20984
22285
21454
22834
18203
21843
19694
20632
17905
19628
19090
16149
17975
16674
18242
16885
17248
18168
16037
15419
16731
16443
17816
17250
16182
16999
15465
14984
15648
16365
15858
15395
16426
16183
13797
14765
14335
14367
13399
13717
13393
13250
13471
16649
12823
12729
13214
14247
13265
12944
13506
13841
13344
13173
12577
12251
11837
12975
11516
12606
12254
12971
11093
