4.42125
4.952083333333333
5.988333333333333
4.675694444444445
5.282222222222222
4.641527777777778
4.074583333333333
4.859305555555555
4.190277777777778
4.229444444444445
4.709444444444444
3.2872222222222223
5.077361111111111
3.7205555555555554
4.265833333333333
3.613472222222222
3.0769444444444445
4.930416666666667
3.4227777777777777
3.329861111111111
3.5866666666666664
4.16625
3.844027777777778
3.4466666666666668
3.058611111111111
4.6177777777777775
3.5004166666666667
3.033333333333333
3.2730555555555556
3.21625
3.02
3.1234722222222224
2.7916666666666665
2.6797222222222223
3.2705555555555557
2.7215277777777778
2.950277777777778
2.9144444444444444
3.095138888888889
2.979722222222222
3.171388888888889
2.5281944444444444
3.03375
2.7352777777777777
2.8655555555555554
2.4868055555555557
2.726111111111111
2.651388888888889
2.2429166666666664
2.4965277777777777
2.3158333333333334
2.533611111111111
2.345138888888889
2.3955555555555557
2.5233333333333334
2.227361111111111
2.1415277777777777
2.32375
2.28375
2.4744444444444444
2.3958333333333335
2.2475
2.3609722222222222
2.1479166666666667
2.081111111111111
2.1733333333333333
2.2729166666666667
2.2025
2.1381944444444443
2.281388888888889
2.247638888888889
1.91625
2.0506944444444444
1.9909722222222221
1.9954166666666666
1.8609722222222222
1.905138888888889
1.8601388888888888
1.8402777777777777
1.8709722222222223
2.312361111111111
1.7809722222222222
1.7679166666666666
1.8352777777777778
1.97875
1.8423611111111111
1.7977777777777777
1.8758333333333332
1.9223611111111112
1.8533333333333333
1.8295833333333333
1.7468055555555555
1.7015277777777778
1.6440277777777779
1.8020833333333333
1.5994444444444444
1.7508333333333332
1.7019444444444445
1.8015277777777778
1.5406944444444444
