-20629.0
-24643.0
-31659.0
-22547.0
-27180.0
-23143.0
-18845.0
-24310.0
-20209.0
-20160.0
-23121.0
-14677.0
-25499.0
-16936.0
-19233.0
-15976.0
-12888.0
-23934.0
-15076.0
-15591.0
-15727.0
-19148.0
-16679.0
-15353.0
-12902.0
-22300.0
-16195.0
-12494.0
-13882.0
-13782.0
-12647.0
-12697.0
-11708.0
-11032.0
-13438.0
-10174.0
-12075.0
-12515.0
-13141.0
-11491.0
-13384.0
-9604.0
-12731.0
-10895.0
-11869.0
-9218.0
-10646.0
-10850.0
-7962.0
-9314.0
-7950.0
-9749.0
-9033.0
-8730.0
-9140.0
-8439.0
-6930.0
-8494.0
-7858.0
-9818.0
-7566.0
-7755.0
-8730.0
-7876.0
-7070.0
-7302.0
-7871.0
-7613.0
-7669.0
-8028.0
-7299.0
-6619.0
-7057.0
-6808.0
-6304.0
-5563.0
-6334.0
-6058.0
-6303.0
-6088.0
-7760.0
-5752.0
-5586.0
-5704.0
-6372.0
-5533.0
-4465.0
-5614.0
-5818.0
-6320.0
-5397.0
-4862.0
-5178.0
-4407.0
-5959.0
-4801.0
-5107.0
-4893.0
-4748.0
-4824.0
