-31092.0
-24115.0
-25456.0
-26055.0
-24225.0
-16838.0
-19538.0
-25195.0
-27854.0
-26066.0
-18885.0
-18447.0
-14866.0
-16759.0
-15715.0
-14992.0
-20579.0
-19795.0
-17732.0
-15227.0
-14282.0
-13998.0
-18019.0
-17112.0
-19516.0
-9374.0
-16137.0
-13267.0
-17328.0
-13263.0
-12984.0
-12990.0
-12486.0
-11629.0
-11566.0
-13078.0
-16721.0
-11182.0
-11452.0
-10599.0
-11228.0
-11816.0
-11856.0
-12629.0
-9313.0
-11514.0
-11008.0
-9846.0
-11922.0
-10191.0
-9080.0
-10582.0
-8985.0
-9793.0
-10739.0
-9179.0
-8180.0
-8219.0
-9421.0
-9763.0
-7451.0
-8342.0
-7535.0
-8270.0
-6776.0
-7216.0
-6394.0
-7345.0
-8615.0
-6286.0
-8576.0
-7337.0
-7902.0
-6813.0
-5701.0
-7505.0
-6161.0
-6937.0
-6959.0
-6406.0
-6285.0
-6006.0
-5177.0
-6090.0
-5324.0
-5639.0
-4634.0
-6520.0
-5595.0
-5556.0
-5719.0
-6158.0
-5254.0
-5001.0
-4625.0
-5566.0
-5432.0
-5269.0
-5310.0
-4505.0
