5.917222222222223
4.9823611111111115
5.101944444444444
5.045416666666667
4.911111111111111
3.6883333333333335
4.165555555555556
5.02375
5.429444444444444
5.144861111111111
3.933333333333333
4.0119444444444445
3.2920833333333333
3.6294444444444443
3.5516666666666667
3.4923611111111112
4.382777777777778
4.3125
3.9005555555555556
3.3944444444444444
3.2081944444444446
3.2509722222222224
4.190833333333333
3.6968055555555557
4.098333333333334
2.55125
3.5956944444444443
3.2643055555555556
3.732222222222222
3.1197222222222223
2.9444444444444446
3.0280555555555555
2.9543055555555555
2.7781944444444444
2.8669444444444445
3.3361111111111112
3.703611111111111
2.7333333333333334
2.7656944444444442
2.8452777777777776
2.8555555555555556
2.8241666666666667
2.805972222222222
3.008611111111111
2.3627777777777776
2.8641666666666667
2.7356944444444444
2.5056944444444444
2.8841666666666668
2.591527777777778
2.464166666666667
2.6818055555555556
2.3297222222222222
2.636527777777778
2.8340277777777776
2.4169444444444443
2.4144444444444444
2.359722222222222
2.4723611111111112
2.5279166666666666
2.365
2.3195833333333336
2.14625
2.23
1.9818055555555556
2.1406944444444442
1.885
2.0341666666666667
2.2893055555555555
1.9694444444444446
2.3554166666666667
2.0211111111111113
2.2376388888888887
2.0881944444444445
1.8456944444444445
2.147222222222222
1.885138888888889
2.0436111111111113
2.077361111111111
1.9256944444444444
2.0981944444444443
1.8418055555555555
1.6604166666666667
1.916111111111111
1.7638888888888888
1.939861111111111
1.72125
1.941111111111111
1.824861111111111
1.8065277777777777
1.7655555555555555
1.9172222222222222
1.6680555555555556
1.8627777777777779
1.6280555555555556
1.7548611111111112
1.8193055555555555
1.8131944444444446
1.908611111111111
1.5822222222222222
