42604
35873
36734
36327
35360
26556
29992
36171
39092
37043
28320
28886
23703
26132
25572
25145
31556
31050
28084
24440
23099
23407
30174
26617
29508
18369
25889
23503
26872
22462
21200
21802
21271
20003
20642
24020
26666
19680
19913
20486
20560
20334
20203
21662
17012
20622
19697
18041
20766
18659
17742
19309
16774
18983
20405
17402
17384
16990
17801
18201
17028
16701
15453
16056
14269
15413
13572
14646
16483
14180
16959
14552
16111
15035
13289
15460
13573
14714
14957
13865
15107
13261
11955
13796
12700
13967
12393
13976
13139
13007
12712
13804
12010
13412
11722
12635
13099
13055
13742
11392
