-23320.0
-26723.0
-22901.0
-23541.0
-26231.0
-20142.0
-19906.0
-19156.0
-25767.0
-18838.0
-19468.0
-18809.0
-22463.0
-20228.0
-19635.0
-20890.0
-16717.0
-15101.0
-17732.0
-18218.0
-13755.0
-16439.0
-17779.0
-12970.0
-19839.0
-15511.0
-15564.0
-14842.0
-14972.0
-13225.0
-11287.0
-15697.0
-11875.0
-12017.0
-13666.0
-13400.0
-10579.0
-13499.0
-11261.0
-9199.0
-23822.0
-13335.0
-9859.0
-11652.0
-11341.0
-10466.0
-10359.0
-8696.0
-9169.0
-10387.0
-9215.0
-8737.0
-9278.0
-9208.0
-7995.0
-9700.0
-9383.0
-8795.0
-7553.0
-7325.0
-8513.0
-8927.0
-8232.0
-7239.0
-7592.0
-7460.0
-82788.0
-7712.0
-7706.0
-7992.0
-7667.0
-6046.0
-8325.0
-7752.0
-7112.0
-6468.0
-7720.0
-9724.0
-13696.0
-5408.0
-7885.0
-7613.0
-5471.0
-5682.0
-7267.0
-4720.0
-5213.0
-10501.0
-6700.0
-4451.0
-4086.0
-5919.0
-4515.0
-4260.0
-4328.0
-6260.0
-5352.0
-4088.0
-4101.0
-3977.0
