4.844027777777778
5.34625
4.744305555555556
4.877083333333333
5.114722222222222
4.251944444444445
4.185833333333333
4.120277777777778
5.11
4.026527777777778
4.143888888888889
4.00875
4.522916666666666
4.141666666666667
4.195694444444444
4.492222222222222
3.582638888888889
3.4720833333333334
3.7975
3.857638888888889
3.2620833333333334
3.7352777777777777
3.960277777777778
3.15125
4.135
3.437777777777778
3.4208333333333334
3.383888888888889
3.411388888888889
3.0695833333333336
2.703888888888889
3.397777777777778
2.7872222222222223
2.8755555555555556
3.2179166666666665
3.2643055555555556
2.7706944444444446
3.1358333333333333
2.8383333333333334
2.622777777777778
4.64125
3.173611111111111
2.5820833333333333
2.8270833333333334
2.8229166666666665
2.73125
2.70125
2.3206944444444444
2.440138888888889
2.6379166666666665
2.3734722222222224
2.424861111111111
2.45375
2.4898611111111113
2.5302777777777776
2.5411111111111113
2.6318055555555557
2.2952777777777778
2.2005555555555554
2.2783333333333333
2.435277777777778
2.3826388888888888
2.2620833333333334
2.1293055555555553
2.256666666666667
2.1369444444444445
13.990833333333333
2.018611111111111
2.17375
2.1708333333333334
2.234166666666667
1.961111111111111
2.2108333333333334
2.2275
2.115972222222222
1.9393055555555556
2.1919444444444443
2.497916666666667
3.1752777777777776
1.7994444444444444
2.2931944444444445
2.033472222222222
1.6733333333333333
1.8552777777777778
2.07375
1.8147222222222221
1.8705555555555555
2.58
2.102222222222222
1.5129166666666667
1.6098611111111112
1.8290277777777777
1.4915277777777778
1.6384722222222223
1.5754166666666667
1.8270833333333334
1.78375
1.5616666666666668
1.7038888888888888
1.3952777777777778
