34877
38493
34159
35115
36826
30614
30138
29666
36792
28991
29836
28863
32565
29820
30209
32344
25795
24999
27342
27775
23487
26894
28514
22689
29772
24752
24630
24364
24562
22101
19468
24464
20068
20704
23169
23503
19949
22578
20436
18884
33417
22850
18591
20355
20325
19665
19449
16709
17569
18993
17089
17459
17667
17927
18218
18296
18949
16526
15844
16404
17534
17155
16287
15331
16248
15386
100734
14534
15651
15630
16086
14120
15918
16038
15235
13963
15782
17985
22862
12956
16511
14641
12048
13358
14931
13066
13468
18576
15136
10893
11591
13169
10739
11797
11343
13155
12843
11244
12268
10046
