4.516666666666667
5.12875
5.073888888888889
4.763055555555556
4.423055555555556
5.0159722222222225
4.529722222222222
3.9970833333333333
3.801527777777778
3.5172222222222222
4.871944444444445
3.9990277777777776
3.9716666666666667
3.6980555555555554
3.312777777777778
3.9320833333333334
3.9983333333333335
3.5620833333333333
3.9783333333333335
4.544027777777778
3.8644444444444446
3.6169444444444445
3.410277777777778
3.5404166666666668
4.374305555555556
3.388888888888889
3.44875
3.45375
3.122638888888889
2.977361111111111
2.7780555555555555
2.9804166666666667
2.712638888888889
3.8855555555555554
3.4530555555555558
3.379166666666667
3.1995833333333334
2.7931944444444445
2.591111111111111
2.832777777777778
2.7202777777777776
2.6173611111111112
2.367638888888889
2.676111111111111
2.4295833333333334
2.9630555555555556
2.53625
2.6666666666666665
2.7466666666666666
2.6443055555555555
2.660972222222222
2.597638888888889
2.4097222222222223
2.3208333333333333
2.535972222222222
2.1773611111111113
2.4227777777777777
2.3143055555555554
2.3556944444444445
2.330416666666667
2.6215277777777777
2.210277777777778
2.4166666666666665
2.17
2.2820833333333335
2.1972222222222224
2.2129166666666666
1.9197222222222223
2.0252777777777777
1.9679166666666668
1.9772222222222222
1.9295833333333334
1.988611111111111
2.107638888888889
1.8888888888888888
1.976388888888889
1.7920833333333333
1.7805555555555554
1.8579166666666667
1.8591666666666666
1.8469444444444445
1.7165277777777779
1.7502777777777778
1.7615277777777778
1.7715277777777778
1.9141666666666666
1.9302777777777778
1.7480555555555555
1.813611111111111
1.7759722222222223
1.7118055555555556
1.8491666666666666
1.6922222222222223
1.6831944444444444
1.5559722222222223
1.5794444444444444
1.6422222222222222
1.6984722222222222
1.6793055555555556
1.5383333333333333
