-36897.0
-48229.0
-43109.0
-41251.0
-36644.0
-44746.0
-37981.0
-32993.0
-29713.0
-26248.0
-43667.0
-31663.0
-33137.0
-29693.0
-24033.0
-32223.0
-33205.0
-26553.0
-31413.0
-40294.0
-31629.0
-25981.0
-23612.0
-27112.0
-37422.0
-23545.0
-26870.0
-24747.0
-22636.0
-20674.0
-18579.0
-20746.0
-17504.0
-32380.0
-25557.0
-22106.0
-21519.0
-19114.0
-16555.0
-16358.0
-17037.0
-17035.0
-13293.0
-15331.0
-15876.0
-19245.0
-14944.0
-16025.0
-18124.0
-17847.0
-16695.0
-15772.0
-14588.0
-12107.0
-12964.0
-11988.0
-14107.0
-13051.0
-13774.0
-13145.0
-14461.0
-11240.0
-14228.0
-12246.0
-12268.0
-11979.0
-11529.0
-8589.0
-10789.0
-8575.0
-8304.0
-8856.0
-9083.0
-10113.0
-8647.0
-9131.0
-7341.0
-7804.0
-8198.0
-7887.0
-6599.0
-6905.0
-6808.0
-6866.0
-6768.0
-7327.0
-6899.0
-6401.0
-6882.0
-5878.0
-6923.0
-6137.0
-7334.0
-5361.0
-4736.0
-5808.0
-5262.0
-5942.0
-5373.0
-5483.0
