32520
36927
36532
34294
31846
36115
32614
28779
27371
25324
35078
28793
28596
26626
23852
28311
28788
25647
28644
32717
27824
26042
24554
25491
31495
24400
24831
24867
22483
21437
20002
21459
19531
27976
24862
24330
23037
20111
18656
20396
19586
18845
17047
19268
17493
21334
18261
19200
19776
19039
19159
18703
17350
16710
18259
15677
17444
16663
16961
16779
18875
15914
17400
15624
16431
15820
15933
13822
14582
14169
14236
13893
14318
15175
13600
14230
12903
12820
13377
13386
13298
12359
12602
12683
12755
13782
13898
12586
13058
12787
12325
13314
12184
12119
11203
11372
11824
12229
12091
11076
