42204
34695
34800
35935
31129
35845
27906
31252
29885
29148
29815
24281
29925
34598
28567
34545
29619
28983
27473
23749
29622
23890
26367
22923
23530
23833
29962
24296
24030
24400
22551
22466
20576
21486
23614
20797
22254
17974
19448
21150
20319
17495
21809
17973
18741
20319
18792
17186
19516
16795
18430
16201
18959
17575
21566
19091
16977
16183
16472
18565
18591
16672
15143
16664
17443
16446
17154
15475
16020
13939
15506
15250
14123
14447
14348
14508
13780
13074
14596
12413
16070
12896
12529
13291
13842
14936
14162
14033
13536
12576
12884
13783
12047
12206
11779
11828
13183
13001
13707
11326
