5.861666666666666
4.81875
4.833333333333333
4.990972222222222
4.323472222222223
4.978472222222222
3.8758333333333335
4.3405555555555555
4.1506944444444445
4.048333333333333
4.1409722222222225
3.372361111111111
4.15625
4.8052777777777775
3.9676388888888887
4.797916666666667
4.11375
4.025416666666667
3.8156944444444445
3.2984722222222222
4.114166666666667
3.3180555555555555
3.6620833333333334
3.18375
3.2680555555555557
3.310138888888889
4.161388888888889
3.3744444444444444
3.3375
3.388888888888889
3.1320833333333336
3.120277777777778
2.8577777777777778
2.984166666666667
3.2797222222222224
2.888472222222222
3.0908333333333333
2.4963888888888888
2.701111111111111
2.9375
2.8220833333333335
2.4298611111111112
3.029027777777778
2.49625
2.6029166666666668
2.8220833333333335
2.61
2.3869444444444445
2.7105555555555556
2.332638888888889
2.5597222222222222
2.250138888888889
2.6331944444444444
2.4409722222222223
2.995277777777778
2.651527777777778
2.3579166666666667
2.247638888888889
2.287777777777778
2.578472222222222
2.5820833333333333
2.3155555555555556
2.1031944444444446
2.3144444444444443
2.422638888888889
2.2841666666666667
2.3825
2.1493055555555554
2.225
1.9359722222222222
2.153611111111111
2.1180555555555554
1.9615277777777778
2.006527777777778
1.9927777777777778
2.015
1.913888888888889
1.8158333333333334
2.027222222222222
1.7240277777777777
2.2319444444444443
1.791111111111111
1.740138888888889
1.8459722222222221
1.9225
2.0744444444444445
1.9669444444444444
1.9490277777777778
1.88
1.7466666666666666
1.7894444444444444
1.9143055555555555
1.6731944444444444
1.6952777777777779
1.6359722222222222
1.6427777777777777
1.8309722222222222
1.8056944444444445
1.90375
1.5730555555555557
