-29564.0
-23869.0
-23926.0
-24965.0
-21566.0
-25901.0
-18092.0
-20814.0
-19670.0
-19025.0
-19652.0
-16123.0
-20271.0
-24255.0
-18968.0
-22566.0
-19727.0
-18901.0
-18095.0
-15089.0
-18961.0
-14020.0
-15468.0
-14445.0
-14504.0
-14619.0
-19480.0
-14584.0
-14780.0
-13853.0
-13655.0
-12902.0
-12440.0
-12509.0
-14485.0
-10740.0
-11973.0
-9719.0
-11341.0
-11231.0
-11131.0
-9460.0
-13002.0
-9851.0
-10694.0
-11172.0
-10210.0
-8867.0
-10644.0
-8752.0
-9876.0
-7570.0
-10740.0
-8770.0
-10642.0
-10840.0
-8144.0
-7847.0
-7854.0
-9663.0
-8795.0
-7874.0
-7211.0
-8569.0
-9164.0
-8297.0
-8974.0
-7775.0
-7452.0
-6214.0
-7012.0
-7781.0
-6499.0
-6415.0
-6671.0
-6999.0
-6446.0
-5691.0
-6375.0
-5374.0
-7519.0
-5541.0
-5808.0
-5631.0
-6426.0
-6031.0
-6389.0
-5667.0
-5533.0
-4926.0
-5529.0
-6045.0
-5247.0
-4387.0
-4726.0
-5144.0
-5540.0
-4954.0
-5425.0
-4752.0
